block_number,sender,to,amount0In,amount1In,amount0Out,amount1Out,timestamps
22864428,0x1b02dA8Cb0d097eB8D57A175b88c7D8b47997506,0xdB6f1920A889355780aF7570773609Bd8Cb1f498,0,2286432160804020000,239297981042327579,0,1640255359
22865001,0xD6B4A9db2EAdd02e76E37Bdcf5Bc8C13242c7954,0xD6B4A9db2EAdd02e76E37Bdcf5Bc8C13242c7954,0,699528624769771234,67951506360943754,0,1640256541
22867095,0x277FEf984D1115a6f543d3D65A2d138faF1db856,0xE41fe96c92C05fc4Ba414F5eE68Dd7a173c92E1D,149774277741056285,0,0,1506514000058163710,1640261245
22884315,0x1b02dA8Cb0d097eB8D57A175b88c7D8b47997506,0xc4e595acDD7d12feC385E5dA5D43160e8A0bAC0E,0,2894472361809045362,278087333637702670,0,1640299872
22884649,0x1b02dA8Cb0d097eB8D57A175b88c7D8b47997506,0xdB6f1920A889355780aF7570773609Bd8Cb1f498,294726183455214403,0,0,3039766556245882670,1640300644
22916075,0xD6B4A9db2EAdd02e76E37Bdcf5Bc8C13242c7954,0xE41fe96c92C05fc4Ba414F5eE68Dd7a173c92E1D,66985452089260032,0,0,639376204588502591,1640371179
22965233,0xD6B4A9db2EAdd02e76E37Bdcf5Bc8C13242c7954,0xD6B4A9db2EAdd02e76E37Bdcf5Bc8C13242c7954,0,627684422185379444,65388396691248799,0,1640479576
22982351,0x7384f2558dD5A6fC2301Cd66266CA4d9A34be54d,0x7384f2558dD5A6fC2301Cd66266CA4d9A34be54d,0,604726578929320035,61347995109908690,0,1640516328
23005797,0x4CFf3E9409bEB4f824abB6F787C2A4d63C688d69,0xE41fe96c92C05fc4Ba414F5eE68Dd7a173c92E1D,380123606606740956,0,0,3492800879046703398,1640568972
23005822,0x4CFf3E9409bEB4f824abB6F787C2A4d63C688d69,0xE41fe96c92C05fc4Ba414F5eE68Dd7a173c92E1D,447218508865410285,0,0,3497604677864095195,1640569022
23005878,0x4CFf3E9409bEB4f824abB6F787C2A4d63C688d69,0xE41fe96c92C05fc4Ba414F5eE68Dd7a173c92E1D,395043570115109638,0,0,2652390785667375563,1640569138
23034785,0xD6B4A9db2EAdd02e76E37Bdcf5Bc8C13242c7954,0xE41fe96c92C05fc4Ba414F5eE68Dd7a173c92E1D,75286184218621152,0,0,466013332520832798,1640633384
23288617,0x1b02dA8Cb0d097eB8D57A175b88c7D8b47997506,0x55986cC9eb57E29875A80a7f70b9aBCEF063cfAf,50000000000000000,0,0,303114652918175100,1641187614
23288677,0x1b02dA8Cb0d097eB8D57A175b88c7D8b47997506,0x55986cC9eb57E29875A80a7f70b9aBCEF063cfAf,40000000000000000,0,0,238924863855689460,1641187738
23289145,0x1b02dA8Cb0d097eB8D57A175b88c7D8b47997506,0x55986cC9eb57E29875A80a7f70b9aBCEF063cfAf,140000000000000000,0,0,812210218148553753,1641188832
23289278,0x1b02dA8Cb0d097eB8D57A175b88c7D8b47997506,0x55986cC9eb57E29875A80a7f70b9aBCEF063cfAf,40000000000000000,0,0,225424149292587799,1641189107
23289841,0x1b02dA8Cb0d097eB8D57A175b88c7D8b47997506,0x55986cC9eb57E29875A80a7f70b9aBCEF063cfAf,3700000000000000000,0,0,13060345031421815235,1641190417
23289841,0xD0d3C62BEFcDb84C01Be1c209f15a8bf571900cE,0x8Cf24DA57eB6F5881c13b14AEb48c49Df6B034A6,0,8415056483263597879,2733712798005894334,0,1641190417
23289866,0x24bACeE5ba8Dc1a0F6f719884044363dbabB30b7,0xE41fe96c92C05fc4Ba414F5eE68Dd7a173c92E1D,459104897425821214,0,0,1820712486279461508,1641190471
23289886,0x24bACeE5ba8Dc1a0F6f719884044363dbabB30b7,0xE41fe96c92C05fc4Ba414F5eE68Dd7a173c92E1D,610832924419060273,0,0,2111632176903840276,1641190511
23290148,0x1b02dA8Cb0d097eB8D57A175b88c7D8b47997506,0x55986cC9eb57E29875A80a7f70b9aBCEF063cfAf,10000000000000000000,0,0,14578448683433546570,1641191051
23290148,0x65b09b12bF46f364F68F5bFF0bfC5d8b54368971,0x65b09b12bF46f364F68F5bFF0bfC5d8b54368971,0,9636265111830764917,8082979672895261890,0,1641191051
23290170,0xD6B4A9db2EAdd02e76E37Bdcf5Bc8C13242c7954,0xE41fe96c92C05fc4Ba414F5eE68Dd7a173c92E1D,593573177116164352,0,0,1191271775390703600,1641191095
23290183,0x24bACeE5ba8Dc1a0F6f719884044363dbabB30b7,0xE41fe96c92C05fc4Ba414F5eE68Dd7a173c92E1D,611590904484145495,0,0,1098404314657959458,1641191125
23290204,0x1b02dA8Cb0d097eB8D57A175b88c7D8b47997506,0x55986cC9eb57E29875A80a7f70b9aBCEF063cfAf,1000000000000000000,0,0,1563856295909354514,1641191167
23290204,0x24bACeE5ba8Dc1a0F6f719884044363dbabB30b7,0x24bACeE5ba8Dc1a0F6f719884044363dbabB30b7,0,909520342894217379,598383080289768231,0,1641191167
23291110,0x24bACeE5ba8Dc1a0F6f719884044363dbabB30b7,0xE41fe96c92C05fc4Ba414F5eE68Dd7a173c92E1D,1191817653772721011,0,0,1719455394162225611,1641193291
23291123,0x1b02dA8Cb0d097eB8D57A175b88c7D8b47997506,0x55986cC9eb57E29875A80a7f70b9aBCEF063cfAf,4000000000000000000,0,0,4015653518569031665,1641193317
23291124,0x84E5Bc3dF0df0f543648f250443c6f4077218312,0x84E5Bc3dF0df0f543648f250443c6f4077218312,0,2627377528023627177,2834023370469107193,0,1641193319
23291158,0x24bACeE5ba8Dc1a0F6f719884044363dbabB30b7,0xE41fe96c92C05fc4Ba414F5eE68Dd7a173c92E1D,555991731349223177,0,0,591779345912344083,1641193391
23291175,0x4CFf3E9409bEB4f824abB6F787C2A4d63C688d69,0xE41fe96c92C05fc4Ba414F5eE68Dd7a173c92E1D,332983558764324543,0,0,333569802998226794,1641193425
23291196,0x1b02dA8Cb0d097eB8D57A175b88c7D8b47997506,0x55986cC9eb57E29875A80a7f70b9aBCEF063cfAf,1163838072555104008,0,0,1058796209349420804,1641193467
23291196,0x24bACeE5ba8Dc1a0F6f719884044363dbabB30b7,0x24bACeE5ba8Dc1a0F6f719884044363dbabB30b7,0,639597767878325810,719411463347063424,0,1641193467
23291276,0x1b02dA8Cb0d097eB8D57A175b88c7D8b47997506,0x55986cC9eb57E29875A80a7f70b9aBCEF063cfAf,70000000000000000,0,0,64443854317558407,1641193635
23292748,0x2103495c64700F1b238a4a1Bea9cF60201B50077,0xE41fe96c92C05fc4Ba414F5eE68Dd7a173c92E1D,1227012645400346624,0,0,1042839126696894775,1641196927
23292793,0x1b02dA8Cb0d097eB8D57A175b88c7D8b47997506,0x55986cC9eb57E29875A80a7f70b9aBCEF063cfAf,5000000000000000000,0,0,3039909674922161351,1641197017
23292793,0x9d9571d55c3C54Cc796F780cF029c129FCFDFD18,0xc4e595acDD7d12feC385E5dA5D43160e8A0bAC0E,0,714216099801050737,1416213717669802628,0,1641197017
23292795,0x24bACeE5ba8Dc1a0F6f719884044363dbabB30b7,0x24bACeE5ba8Dc1a0F6f719884044363dbabB30b7,0,1075742092261019076,1816932577066853050,0,1641197021
23292822,0x24bACeE5ba8Dc1a0F6f719884044363dbabB30b7,0xE41fe96c92C05fc4Ba414F5eE68Dd7a173c92E1D,1438808094174514430,0,0,863154721726087757,1641197079
23292879,0x1b02dA8Cb0d097eB8D57A175b88c7D8b47997506,0x55986cC9eb57E29875A80a7f70b9aBCEF063cfAf,5000000000000000000,0,0,2229714779260305736,1641197197
23292879,0xD0d3C62BEFcDb84C01Be1c209f15a8bf571900cE,0x6Cf8654e85AB489cA7e70189046D507ebA233613,0,1429962566419362141,3436081551508899957,0,1641197197
23292989,0x1b02dA8Cb0d097eB8D57A175b88c7D8b47997506,0x55986cC9eb57E29875A80a7f70b9aBCEF063cfAf,1000000000000000000,0,0,458490805414221466,1641197422
23292991,0x4CFf3E9409bEB4f824abB6F787C2A4d63C688d69,0x1A9EFC7507D3Bb3206cA5baBb4dF9e168Bd5cDEE,0,145018612665176521,324233008992419096,0,1641197426
23293027,0x1b02dA8Cb0d097eB8D57A175b88c7D8b47997506,0x55986cC9eb57E29875A80a7f70b9aBCEF063cfAf,300000000000000000,0,0,133530320347162618,1641197502
23332965,0x1b02dA8Cb0d097eB8D57A175b88c7D8b47997506,0x55986cC9eb57E29875A80a7f70b9aBCEF063cfAf,50000000000000000,0,0,21911060937456001,1641286897
23396297,0x1b02dA8Cb0d097eB8D57A175b88c7D8b47997506,0x1b02dA8Cb0d097eB8D57A175b88c7D8b47997506,0,2000000000000000000,3786082307829529900,0,1641456416
23396297,0x3dB30FaDa51069769147a40d30efA202c1404F30,0x3dB30FaDa51069769147a40d30efA202c1404F30,2360405902659541052,0,0,1323839323779515136,1641456416
23396301,0xD6B4A9db2EAdd02e76E37Bdcf5Bc8C13242c7954,0xD6B4A9db2EAdd02e76E37Bdcf5Bc8C13242c7954,0,610419691618268260,1151261494904940532,0,1641456424
23439759,0x1b02dA8Cb0d097eB8D57A175b88c7D8b47997506,0x55986cC9eb57E29875A80a7f70b9aBCEF063cfAf,500000000000000000,0,0,271933482607496014,1641556491
23439927,0x1b02dA8Cb0d097eB8D57A175b88c7D8b47997506,0x55986cC9eb57E29875A80a7f70b9aBCEF063cfAf,250000000000000000,0,0,131070521755370498,1641556855
23440031,0x99c1C5478b00Afc2Fc1BD946C7e704ebcf77794D,0x99c1C5478b00Afc2Fc1BD946C7e704ebcf77794D,0,252147963896574781,472875227761059263,0,1641557072
23455314,0x1b02dA8Cb0d097eB8D57A175b88c7D8b47997506,0x55986cC9eb57E29875A80a7f70b9aBCEF063cfAf,153460000000000000,0,0,61362563185976056,1641591911
23455389,0x1b02dA8Cb0d097eB8D57A175b88c7D8b47997506,0x55986cC9eb57E29875A80a7f70b9aBCEF063cfAf,174685214000000000,0,0,39613534943681281,1641592065
23455391,0x24bACeE5ba8Dc1a0F6f719884044363dbabB30b7,0x24bACeE5ba8Dc1a0F6f719884044363dbabB30b7,0,30735647258983200,142228441532617047,0,1641592069
23455457,0x277FEf984D1115a6f543d3D65A2d138faF1db856,0xE41fe96c92C05fc4Ba414F5eE68Dd7a173c92E1D,85422957760822983,0,0,19855683013800425,1641592205
23455477,0x1b02dA8Cb0d097eB8D57A175b88c7D8b47997506,0x55986cC9eb57E29875A80a7f70b9aBCEF063cfAf,198365800000000000,0,0,31572909609620343,1641592245
23455478,0x24bACeE5ba8Dc1a0F6f719884044363dbabB30b7,0x24bACeE5ba8Dc1a0F6f719884044363dbabB30b7,0,21287165089722601,143376344286180382,0,1641592247
23455520,0x277FEf984D1115a6f543d3D65A2d138faF1db856,0xE41fe96c92C05fc4Ba414F5eE68Dd7a173c92E1D,76307894794861946,0,0,12178748771685954,1641592335
23455572,0x277FEf984D1115a6f543d3D65A2d138faF1db856,0xE41fe96c92C05fc4Ba414F5eE68Dd7a173c92E1D,95696111809487198,0,0,12444768099541171,1641592443
23455596,0x1b02dA8Cb0d097eB8D57A175b88c7D8b47997506,0x55986cC9eb57E29875A80a7f70b9aBCEF063cfAf,287326000000000000,0,0,25603114340311501,1641592491
23455596,0x7C2Cd76b6c3a3C50Ab730C6719C1C9a5eB537664,0x7C2Cd76b6c3a3C50Ab730C6719C1C9a5eB537664,0,17345786252036181,209688952813525341,0,1641592491
23455627,0x277FEf984D1115a6f543d3D65A2d138faF1db856,0xE41fe96c92C05fc4Ba414F5eE68Dd7a173c92E1D,105042598350437007,0,0,9458923547838848,1641592557
23455652,0x1b02dA8Cb0d097eB8D57A175b88c7D8b47997506,0x55986cC9eb57E29875A80a7f70b9aBCEF063cfAf,2684532000000000000,0,0,64170256811177098,1641592607
23455652,0x8F4014909519A1Cd4226CD306e5e111238e611b1,0xadbF1854e5883eB8aa7BAf50705338739e558E5b,0,54729045599710677,2550530909108297931,0,1641592607
23455654,0x277FEf984D1115a6f543d3D65A2d138faF1db856,0xE41fe96c92C05fc4Ba414F5eE68Dd7a173c92E1D,223727570226536786,0,0,12366355443779873,1641592611
23455684,0x24bACeE5ba8Dc1a0F6f719884044363dbabB30b7,0xE41fe96c92C05fc4Ba414F5eE68Dd7a173c92E1D,177156100000000006,0,0,7408401517129945,1641592675
23455718,0x24bACeE5ba8Dc1a0F6f719884044363dbabB30b7,0xE41fe96c92C05fc4Ba414F5eE68Dd7a173c92E1D,176696979494717419,0,0,5955728894308870,1641592743
23455749,0x1b02dA8Cb0d097eB8D57A175b88c7D8b47997506,0x55986cC9eb57E29875A80a7f70b9aBCEF063cfAf,478956200000000000,0,0,11550404004119605,1641592809
23455750,0x7C2Cd76b6c3a3C50Ab730C6719C1C9a5eB537664,0x7C2Cd76b6c3a3C50Ab730C6719C1C9a5eB537664,0,7363958358381643,328582416978206244,0,1641592811
23455778,0x24bACeE5ba8Dc1a0F6f719884044363dbabB30b7,0xE41fe96c92C05fc4Ba414F5eE68Dd7a173c92E1D,213931319445331178,0,0,5019322794490919,1641592867
23455800,0x1b02dA8Cb0d097eB8D57A175b88c7D8b47997506,0x55986cC9eb57E29875A80a7f70b9aBCEF063cfAf,598624000000000000,0,0,9953338837534885,1641592911
23455801,0x7C2Cd76b6c3a3C50Ab730C6719C1C9a5eB537664,0x7C2Cd76b6c3a3C50Ab730C6719C1C9a5eB537664,0,6473837243920586,418850052115061779,0,1641592913
23455826,0x7C2Cd76b6c3a3C50Ab730C6719C1C9a5eB537664,0x7C2Cd76b6c3a3C50Ab730C6719C1C9a5eB537664,255651683456437763,0,0,4175356206991873,1641592967
23455857,0x1b02dA8Cb0d097eB8D57A175b88c7D8b47997506,0x55986cC9eb57E29875A80a7f70b9aBCEF063cfAf,738578960000000000,0,0,8499016012950449,1641593029
23455857,0x7C2Cd76b6c3a3C50Ab730C6719C1C9a5eB537664,0x7C2Cd76b6c3a3C50Ab730C6719C1C9a5eB537664,0,5492621320315676,514934522062838951,0,1641593029
23455890,0x7C2Cd76b6c3a3C50Ab730C6719C1C9a5eB537664,0x7C2Cd76b6c3a3C50Ab730C6719C1C9a5eB537664,303285724436044784,0,0,3434398001997553,1641593099
23455930,0x1b02dA8Cb0d097eB8D57A175b88c7D8b47997506,0x55986cC9eb57E29875A80a7f70b9aBCEF063cfAf,735895000000000000,0,0,6107343773286529,1641593179
23455930,0x24bACeE5ba8Dc1a0F6f719884044363dbabB30b7,0x24bACeE5ba8Dc1a0F6f719884044363dbabB30b7,0,3979859773208735,510759216779994311,0,1641593179
23455961,0x24bACeE5ba8Dc1a0F6f719884044363dbabB30b7,0xE41fe96c92C05fc4Ba414F5eE68Dd7a173c92E1D,345227121439310016,0,0,2794813555987994,1641593245
23455996,0x1b02dA8Cb0d097eB8D57A175b88c7D8b47997506,0x55986cC9eb57E29875A80a7f70b9aBCEF063cfAf,847156000000000000,0,0,5070059910368585,1641593315
23455996,0x7C2Cd76b6c3a3C50Ab730C6719C1C9a5eB537664,0x7C2Cd76b6c3a3C50Ab730C6719C1C9a5eB537664,0,3239507089871231,577115832514855282,0,1641593315
23456467,0x7C2Cd76b6c3a3C50Ab730C6719C1C9a5eB537664,0x7C2Cd76b6c3a3C50Ab730C6719C1C9a5eB537664,428793794499073516,0,0,2474504329521870,1641594673
23456490,0x1b02dA8Cb0d097eB8D57A175b88c7D8b47997506,0x55986cC9eb57E29875A80a7f70b9aBCEF063cfAf,1375482300000000000,0,0,5469406292564598,1641594719
23456490,0x24bACeE5ba8Dc1a0F6f719884044363dbabB30b7,0x24bACeE5ba8Dc1a0F6f719884044363dbabB30b7,0,3546373404651979,968244895792244805,0,1641594719
23456528,0x1b02dA8Cb0d097eB8D57A175b88c7D8b47997506,0x55986cC9eb57E29875A80a7f70b9aBCEF063cfAf,1335754000000000000,0,0,4578304174256446,1641594799
23456528,0x7C2Cd76b6c3a3C50Ab730C6719C1C9a5eB537664,0x7C2Cd76b6c3a3C50Ab730C6719C1C9a5eB537664,0,3073941705530242,960757988894868741,0,1641594799
23456559,0x7C2Cd76b6c3a3C50Ab730C6719C1C9a5eB537664,0x7C2Cd76b6c3a3C50Ab730C6719C1C9a5eB537664,561362808963495598,0,0,1910537793301270,1641594861
23456581,0x1b02dA8Cb0d097eB8D57A175b88c7D8b47997506,0x55986cC9eb57E29875A80a7f70b9aBCEF063cfAf,2482351000000000000,0,0,5333907766781281,1641594909
23456581,0x7C2Cd76b6c3a3C50Ab730C6719C1C9a5eB537664,0x7C2Cd76b6c3a3C50Ab730C6719C1C9a5eB537664,0,3494384899211105,1806221209470136310,0,1641594909
23456613,0x1b02dA8Cb0d097eB8D57A175b88c7D8b47997506,0x55986cC9eb57E29875A80a7f70b9aBCEF063cfAf,3578123000000000000,0,0,5673378989070578,1641594973
23456613,0x8F4014909519A1Cd4226CD306e5e111238e611b1,0xadbF1854e5883eB8aa7BAf50705338739e558E5b,0,2268530583763589,1812273510354071311,0,1641594973
23456614,0xD0d3C62BEFcDb84C01Be1c209f15a8bf571900cE,0xB64fDc28c295973eFa58280eCE861dfb3ce4a7F0,0,1513846208335297,883392205253114362,0,1641594975
23456667,0x24bACeE5ba8Dc1a0F6f719884044363dbabB30b7,0xE41fe96c92C05fc4Ba414F5eE68Dd7a173c92E1D,740024994425816050,0,0,1283755922266896,1641595085
23456696,0x1b02dA8Cb0d097eB8D57A175b88c7D8b47997506,0x55986cC9eb57E29875A80a7f70b9aBCEF063cfAf,2415823000000000000,0,0,2930361646353379,1641595143
23456697,0x4CFf3E9409bEB4f824abB6F787C2A4d63C688d69,0x1A9EFC7507D3Bb3206cA5baBb4dF9e168Bd5cDEE,0,1639905124366490,1497047585531555371,0,1641595145
23456718,0x24bACeE5ba8Dc1a0F6f719884044363dbabB30b7,0xE41fe96c92C05fc4Ba414F5eE68Dd7a173c92E1D,740024994425816050,0,0,869123708796224,1641595191
23456766,0x7C2Cd76b6c3a3C50Ab730C6719C1C9a5eB537664,0x7C2Cd76b6c3a3C50Ab730C6719C1C9a5eB537664,1106841265303518524,0,0,1078490522656339,1641595287
23456846,0x1b02dA8Cb0d097eB8D57A175b88c7D8b47997506,0x55986cC9eb57E29875A80a7f70b9aBCEF063cfAf,3733548000000000000,0,0,2430305061894375,1641595583
23456846,0x8F4014909519A1Cd4226CD306e5e111238e611b1,0xadbF1854e5883eB8aa7BAf50705338739e558E5b,0,820811190272212,1510773751536422267,0,1641595583
23456846,0x7C2Cd76b6c3a3C50Ab730C6719C1C9a5eB537664,0x7C2Cd76b6c3a3C50Ab730C6719C1C9a5eB537664,0,1452523610991067,2023805497310039276,0,1641595583
23456848,0x24bACeE5ba8Dc1a0F6f719884044363dbabB30b7,0xE41fe96c92C05fc4Ba414F5eE68Dd7a173c92E1D,812142196525448211,0,0,639137737032513,1641595587
23463548,0x277FEf984D1115a6f543d3D65A2d138faF1db856,0xE41fe96c92C05fc4Ba414F5eE68Dd7a173c92E1D,335714091357261879,0,0,239360344442452,1641610816
23463571,0x1b02dA8Cb0d097eB8D57A175b88c7D8b47997506,0x55986cC9eb57E29875A80a7f70b9aBCEF063cfAf,1000000000000000000,0,0,641379317720148,1641610866
23463571,0x7C2Cd76b6c3a3C50Ab730C6719C1C9a5eB537664,0x7C2Cd76b6c3a3C50Ab730C6719C1C9a5eB537664,0,390387424505664,623579402451419880,0,1641610866
23463591,0x1b02dA8Cb0d097eB8D57A175b88c7D8b47997506,0x55986cC9eb57E29875A80a7f70b9aBCEF063cfAf,1000000000000000000,0,0,605348587830956,1641610906
23463592,0x7C2Cd76b6c3a3C50Ab730C6719C1C9a5eB537664,0x7C2Cd76b6c3a3C50Ab730C6719C1C9a5eB537664,0,402883968627925,678374756033359122,0,1641610908
23463614,0x277FEf984D1115a6f543d3D65A2d138faF1db856,0xE41fe96c92C05fc4Ba414F5eE68Dd7a173c92E1D,270366951495563425,0,0,164560766953446,1641610952
23463641,0x277FEf984D1115a6f543d3D65A2d138faF1db856,0xE41fe96c92C05fc4Ba414F5eE68Dd7a173c92E1D,352114025275506268,0,0,204518045258628,1641611010
23463662,0x277FEf984D1115a6f543d3D65A2d138faF1db856,0xE41fe96c92C05fc4Ba414F5eE68Dd7a173c92E1D,336047900054783497,0,0,185556577580730,1641611052
23463692,0x1b02dA8Cb0d097eB8D57A175b88c7D8b47997506,0x55986cC9eb57E29875A80a7f70b9aBCEF063cfAf,1146893700000000000,0,0,571120785834160,1641611116
23463694,0x24bACeE5ba8Dc1a0F6f719884044363dbabB30b7,0x24bACeE5ba8Dc1a0F6f719884044363dbabB30b7,0,285355699673242,592282722544677162,0,1641611120
23463743,0x1b02dA8Cb0d097eB8D57A175b88c7D8b47997506,0x55986cC9eb57E29875A80a7f70b9aBCEF063cfAf,1189645700000000000,0,0,548200503136608,1641611218
23463745,0x277FEf984D1115a6f543d3D65A2d138faF1db856,0xfdE70f90Af2341ACB537778b20951E7Bc95DFB02,0,233302193990069,526303046584018479,0,1641611226
23464289,0x277FEf984D1115a6f543d3D65A2d138faF1db856,0xE41fe96c92C05fc4Ba414F5eE68Dd7a173c92E1D,391496096634127823,0,0,174031945595061,1641612346
23464312,0x1b02dA8Cb0d097eB8D57A175b88c7D8b47997506,0x55986cC9eb57E29875A80a7f70b9aBCEF063cfAf,1148572800000000000,0,0,463549391334208,1641612392
23464312,0x7C2Cd76b6c3a3C50Ab730C6719C1C9a5eB537664,0x7C2Cd76b6c3a3C50Ab730C6719C1C9a5eB537664,0,280245015772409,709719228034014847,0,1641612392
23464346,0x24bACeE5ba8Dc1a0F6f719884044363dbabB30b7,0xE41fe96c92C05fc4Ba414F5eE68Dd7a173c92E1D,608012607252679595,0,0,240166641470591,1641612464
23464368,0x1b02dA8Cb0d097eB8D57A175b88c7D8b47997506,0x55986cC9eb57E29875A80a7f70b9aBCEF063cfAf,1148632500000000000,0,0,408849480778117,1641612508
23464370,0x277FEf984D1115a6f543d3D65A2d138faF1db856,0xfdE70f90Af2341ACB537778b20951E7Bc95DFB02,0,239663333082616,687876051190200848,0,1641612512
23464410,0x277FEf984D1115a6f543d3D65A2d138faF1db856,0xE41fe96c92C05fc4Ba414F5eE68Dd7a173c92E1D,353575918325043324,0,0,124826434849185,1641612596
23464438,0x1b02dA8Cb0d097eB8D57A175b88c7D8b47997506,0x55986cC9eb57E29875A80a7f70b9aBCEF063cfAf,1128496210000000000,0,0,366602662300867,1641612652
23464440,0x277FEf984D1115a6f543d3D65A2d138faF1db856,0xfdE70f90Af2341ACB537778b20951E7Bc95DFB02,0,211143106985369,663330238205075716,0,1641612656
23464479,0x1b02dA8Cb0d097eB8D57A175b88c7D8b47997506,0x55986cC9eb57E29875A80a7f70b9aBCEF063cfAf,146587300000000000,0,0,47717274316477,1641612740
23464595,0x1b02dA8Cb0d097eB8D57A175b88c7D8b47997506,0x55986cC9eb57E29875A80a7f70b9aBCEF063cfAf,37254863000000000,0,0,12013680280410,1641613108
23464631,0x1b02dA8Cb0d097eB8D57A175b88c7D8b47997506,0x55986cC9eb57E29875A80a7f70b9aBCEF063cfAf,18469520000000000,0,0,5944890608916,1641613180
23464669,0x1b02dA8Cb0d097eB8D57A175b88c7D8b47997506,0x55986cC9eb57E29875A80a7f70b9aBCEF063cfAf,14239856000000000,0,0,4578486934440,1641613260
23464694,0x1b02dA8Cb0d097eB8D57A175b88c7D8b47997506,0x55986cC9eb57E29875A80a7f70b9aBCEF063cfAf,48325600000000000,0,0,15505756422230,1641613310
23471313,0x4CFf3E9409bEB4f824abB6F787C2A4d63C688d69,0x1A9EFC7507D3Bb3206cA5baBb4dF9e168Bd5cDEE,0,142133539050643,434667628200866212,0,1641627348
23471874,0x1b02dA8Cb0d097eB8D57A175b88c7D8b47997506,0x55986cC9eb57E29875A80a7f70b9aBCEF063cfAf,1235460000000000000,0,0,381081144741626,1641628637
23471876,0x4CFf3E9409bEB4f824abB6F787C2A4d63C688d69,0x1A9EFC7507D3Bb3206cA5baBb4dF9e168Bd5cDEE,0,128527455106003,432871266172967777,0,1641628641
23471904,0x4CFf3E9409bEB4f824abB6F787C2A4d63C688d69,0xE41fe96c92C05fc4Ba414F5eE68Dd7a173c92E1D,366286978867572194,0,0,108499124006988,1641628697
23471929,0x1b02dA8Cb0d097eB8D57A175b88c7D8b47997506,0x55986cC9eb57E29875A80a7f70b9aBCEF063cfAf,1375465400000000000,0,0,372612364696207,1641628747
23471929,0x7C2Cd76b6c3a3C50Ab730C6719C1C9a5eB537664,0x7C2Cd76b6c3a3C50Ab730C6719C1C9a5eB537664,0,230639686228838,868894560886011455,0,1641628747
23471960,0x7C2Cd76b6c3a3C50Ab730C6719C1C9a5eB537664,0x7C2Cd76b6c3a3C50Ab730C6719C1C9a5eB537664,1045970465801827261,0,0,273674203099632,1641628813
23471990,0x1b02dA8Cb0d097eB8D57A175b88c7D8b47997506,0x55986cC9eb57E29875A80a7f70b9aBCEF063cfAf,3416592000000000000,0,0,727548123033243,1641628873
23471990,0x24bACeE5ba8Dc1a0F6f719884044363dbabB30b7,0x24bACeE5ba8Dc1a0F6f719884044363dbabB30b7,0,449625828653337,2221119880999864206,0,1641628873
23472009,0x3dB30FaDa51069769147a40d30efA202c1404F30,0xE41fe96c92C05fc4Ba414F5eE68Dd7a173c92E1D,1174241044304918784,0,0,247196317112650,1641628935
23472023,0x1b02dA8Cb0d097eB8D57A175b88c7D8b47997506,0x55986cC9eb57E29875A80a7f70b9aBCEF063cfAf,4325689000000000000,0,0,726903974813367,1641628991
23472023,0x7C2Cd76b6c3a3C50Ab730C6719C1C9a5eB537664,0x7C2Cd76b6c3a3C50Ab730C6719C1C9a5eB537664,0,459793692739417,2890358370302657167,0,1641628991
23472036,0x3dB30FaDa51069769147a40d30efA202c1404F30,0xE41fe96c92C05fc4Ba414F5eE68Dd7a173c92E1D,2388551774163791360,0,0,385013418350497,1641629043
23472053,0x1b02dA8Cb0d097eB8D57A175b88c7D8b47997506,0x55986cC9eb57E29875A80a7f70b9aBCEF063cfAf,4148560000000000000,0,0,527251791458904,1641629111
23472053,0x24bACeE5ba8Dc1a0F6f719884044363dbabB30b7,0x24bACeE5ba8Dc1a0F6f719884044363dbabB30b7,0,322702771268525,2664177590299483280,0,1641629111
23472067,0x7C2Cd76b6c3a3C50Ab730C6719C1C9a5eB537664,0x7C2Cd76b6c3a3C50Ab730C6719C1C9a5eB537664,1246850657672300131,0,0,157410480707242,1641629163
23472089,0x7C2Cd76b6c3a3C50Ab730C6719C1C9a5eB537664,0x7C2Cd76b6c3a3C50Ab730C6719C1C9a5eB537664,1045447062788797432,0,0,122071837206752,1641629207
23472112,0x1b02dA8Cb0d097eB8D57A175b88c7D8b47997506,0x55986cC9eb57E29875A80a7f70b9aBCEF063cfAf,3114520100000000000,0,0,318729294537544,1641629253
23472112,0x7C2Cd76b6c3a3C50Ab730C6719C1C9a5eB537664,0x7C2Cd76b6c3a3C50Ab730C6719C1C9a5eB537664,0,196790747688967,1982440347960928560,0,1641629253
23472871,0x24bACeE5ba8Dc1a0F6f719884044363dbabB30b7,0xE41fe96c92C05fc4Ba414F5eE68Dd7a173c92E1D,1586309297171491668,0,0,158442933068824,1641630819
23472910,0x1b02dA8Cb0d097eB8D57A175b88c7D8b47997506,0x55986cC9eb57E29875A80a7f70b9aBCEF063cfAf,6685145000000000000,0,0,529523897067143,1641630901
23472910,0xD0d3C62BEFcDb84C01Be1c209f15a8bf571900cE,0x951E38875a93df95bbd24fe31f409b7933B35BED,0,331872927516344,4445645165443444783,0,1641630901
23473062,0x24bACeE5ba8Dc1a0F6f719884044363dbabB30b7,0xE41fe96c92C05fc4Ba414F5eE68Dd7a173c92E1D,110000000000000001,0,0,8811280939975,1641631213
23473089,0x1b02dA8Cb0d097eB8D57A175b88c7D8b47997506,0x55986cC9eb57E29875A80a7f70b9aBCEF063cfAf,890000000000000000,0,0,51280670309352,1641631271
23473089,0x24bACeE5ba8Dc1a0F6f719884044363dbabB30b7,0x24bACeE5ba8Dc1a0F6f719884044363dbabB30b7,0,15027506394115,315149909065173538,0,1641631271
23473126,0x277FEf984D1115a6f543d3D65A2d138faF1db856,0xE41fe96c92C05fc4Ba414F5eE68Dd7a173c92E1D,146685888944816209,0,0,7301287841417,1641631345
23473161,0x1b02dA8Cb0d097eB8D57A175b88c7D8b47997506,0x55986cC9eb57E29875A80a7f70b9aBCEF063cfAf,578213640000000000,0,0,23529842962790,1641631419
23473163,0x24bACeE5ba8Dc1a0F6f719884044363dbabB30b7,0x24bACeE5ba8Dc1a0F6f719884044363dbabB30b7,0,6911995550972,188270981276673169,0,1641631423
23473195,0x24bACeE5ba8Dc1a0F6f719884044363dbabB30b7,0xE41fe96c92C05fc4Ba414F5eE68Dd7a173c92E1D,176901242256615309,0,0,6476025474567,1641631487
23473238,0x277FEf984D1115a6f543d3D65A2d138faF1db856,0xE41fe96c92C05fc4Ba414F5eE68Dd7a173c92E1D,183043628237394959,0,0,6118715964037,1641631577
23473264,0x24bACeE5ba8Dc1a0F6f719884044363dbabB30b7,0xE41fe96c92C05fc4Ba414F5eE68Dd7a173c92E1D,177223485639490308,0,0,5430152870455,1641631629
23473293,0x1b02dA8Cb0d097eB8D57A175b88c7D8b47997506,0x55986cC9eb57E29875A80a7f70b9aBCEF063cfAf,589632000000000000,0,0,15246865380670,1641631691
23473294,0x24bACeE5ba8Dc1a0F6f719884044363dbabB30b7,0x24bACeE5ba8Dc1a0F6f719884044363dbabB30b7,0,4279590528043,180124703141441249,0,1641631693
23473836,0x24bACeE5ba8Dc1a0F6f719884044363dbabB30b7,0xE41fe96c92C05fc4Ba414F5eE68Dd7a173c92E1D,213556593746499553,0,0,5010556951315,1641632809
23473862,0x1b02dA8Cb0d097eB8D57A175b88c7D8b47997506,0x55986cC9eb57E29875A80a7f70b9aBCEF063cfAf,392374430000000000,0,0,8161271093535,1641632865
23474017,0x1b02dA8Cb0d097eB8D57A175b88c7D8b47997506,0x55986cC9eb57E29875A80a7f70b9aBCEF063cfAf,324865230000000000,0,0,5901061941631,1641633183
23474736,0x24bACeE5ba8Dc1a0F6f719884044363dbabB30b7,0xE41fe96c92C05fc4Ba414F5eE68Dd7a173c92E1D,235794769100000009,0,0,3875929601292,1641634665
23474761,0x1b02dA8Cb0d097eB8D57A175b88c7D8b47997506,0x55986cC9eb57E29875A80a7f70b9aBCEF063cfAf,346936500000000000,0,0,5170928981078,1641634719
23474768,0x24bACeE5ba8Dc1a0F6f719884044363dbabB30b7,0x24bACeE5ba8Dc1a0F6f719884044363dbabB30b7,0,1670523989403,115781959027598287,0,1641634733
23474943,0x24bACeE5ba8Dc1a0F6f719884044363dbabB30b7,0xE41fe96c92C05fc4Ba414F5eE68Dd7a173c92E1D,214314188885109011,0,0,3026318197822,1641635219
23475080,0x1b02dA8Cb0d097eB8D57A175b88c7D8b47997506,0x55986cC9eb57E29875A80a7f70b9aBCEF063cfAf,489563000000000000,0,0,6201526564905,1641635505
23475083,0x277FEf984D1115a6f543d3D65A2d138faF1db856,0xE41fe96c92C05fc4Ba414F5eE68Dd7a173c92E1D,190669433427690963,0,0,2181313139338,1641635511
23475108,0x24bACeE5ba8Dc1a0F6f719884044363dbabB30b7,0xE41fe96c92C05fc4Ba414F5eE68Dd7a173c92E1D,235726530487155254,0,0,2538464369390,1641635564
23475131,0x1b02dA8Cb0d097eB8D57A175b88c7D8b47997506,0x55986cC9eb57E29875A80a7f70b9aBCEF063cfAf,795236400000000000,0,0,7468741400089,1641635610
23475135,0x24bACeE5ba8Dc1a0F6f719884044363dbabB30b7,0x24bACeE5ba8Dc1a0F6f719884044363dbabB30b7,0,2282244156852,259394380320622320,0,1641635618
23475293,0x1b02dA8Cb0d097eB8D57A175b88c7D8b47997506,0x55986cC9eb57E29875A80a7f70b9aBCEF063cfAf,8652310000000000,0,0,78193312654,1641636074
23475342,0x1b02dA8Cb0d097eB8D57A175b88c7D8b47997506,0x55986cC9eb57E29875A80a7f70b9aBCEF063cfAf,78154200000000000,0,0,705876073107,1641636176
23475377,0x1b02dA8Cb0d097eB8D57A175b88c7D8b47997506,0x55986cC9eb57E29875A80a7f70b9aBCEF063cfAf,23485610000000000,0,0,211968502728,1641636246
23475443,0x1b02dA8Cb0d097eB8D57A175b88c7D8b47997506,0x55986cC9eb57E29875A80a7f70b9aBCEF063cfAf,1456320000000000,0,0,13141684365,1641636382
23475497,0x45BC849989C01EB7215267a5c75Eea2d43E384Dc,0xE41fe96c92C05fc4Ba414F5eE68Dd7a173c92E1D,2647940896196713984,0,0,23464035317407,1641636494
23475543,0x24bACeE5ba8Dc1a0F6f719884044363dbabB30b7,0xE41fe96c92C05fc4Ba414F5eE68Dd7a173c92E1D,3091268053287067450,0,0,26343491927050,1641636590
23475598,0xE7D4800d36E63159A706C32ad93FcD02FB07a24f,0xE41fe96c92C05fc4Ba414F5eE68Dd7a173c92E1D,2161021853013135430,0,0,17779585434708,1641636704
23475681,0x1b02dA8Cb0d097eB8D57A175b88c7D8b47997506,0x55986cC9eb57E29875A80a7f70b9aBCEF063cfAf,14532540000000000,0,0,117851605518,1641636874
23476210,0x277FEf984D1115a6f543d3D65A2d138faF1db856,0xfdE70f90Af2341ACB537778b20951E7Bc95DFB02,0,8396903749971,1022403701063300728,0,1641637964
23480005,0x7C2Cd76b6c3a3C50Ab730C6719C1C9a5eB537664,0x7C2Cd76b6c3a3C50Ab730C6719C1C9a5eB537664,7165372576356235952,0,0,56229838350061,1641646187
23481844,0x7C2Cd76b6c3a3C50Ab730C6719C1C9a5eB537664,0x7C2Cd76b6c3a3C50Ab730C6719C1C9a5eB537664,165458025155477018,0,0,1214960230671,1641650107
23481880,0x1b02dA8Cb0d097eB8D57A175b88c7D8b47997506,0x55986cC9eb57E29875A80a7f70b9aBCEF063cfAf,378513640000000000,0,0,2606061508045,1641650183
23481906,0x7C2Cd76b6c3a3C50Ab730C6719C1C9a5eB537664,0x7C2Cd76b6c3a3C50Ab730C6719C1C9a5eB537664,194057843766855597,0,0,1250191616738,1641650235
23482030,0x1b02dA8Cb0d097eB8D57A175b88c7D8b47997506,0xCcB0e1eb1203e77696DB47F1590259EA86d6d2eC,1000000000000000000,0,0,5666892039696,1641650491
23482031,0x277FEf984D1115a6f543d3D65A2d138faF1db856,0x2E7d6490526C7d7e2FDEa5c6Ec4b0d1b9F8b25B7,0,664447992402,127970628546301605,0,1641650493
23482132,0x1b02dA8Cb0d097eB8D57A175b88c7D8b47997506,0x1b02dA8Cb0d097eB8D57A175b88c7D8b47997506,0,5666892039696,970285119051229138,0,1641650703
23482135,0x277FEf984D1115a6f543d3D65A2d138faF1db856,0xE41fe96c92C05fc4Ba414F5eE68Dd7a173c92E1D,107818100408329351,0,0,686768792071,1641650709
23484475,0x7C2Cd76b6c3a3C50Ab730C6719C1C9a5eB537664,0x7C2Cd76b6c3a3C50Ab730C6719C1C9a5eB537664,179455033446866710,0,0,1107002945395,1641655919
23486295,0x277FEf984D1115a6f543d3D65A2d138faF1db856,0xe82635a105c520fd58e597181cBf754961d51E3e,0,752266465291,122000375308500329,0,1641660059
23486360,0x1b02dA8Cb0d097eB8D57A175b88c7D8b47997506,0x8CE9Db6185925B64d270bDa88DF6E3398f54021e,0,990000000000,155643369982685401,0,1641660193
23486380,0x1b02dA8Cb0d097eB8D57A175b88c7D8b47997506,0x8CE9Db6185925B64d270bDa88DF6E3398f54021e,0,9801000000000,1291986404670017663,0,1641660233
23486382,0x0b1413E95202570287F490F6CAe04F60Ec1018BE,0xE41fe96c92C05fc4Ba414F5eE68Dd7a173c92E1D,154058442844583681,0,0,1334672288097,1641660237
23486394,0x1b02dA8Cb0d097eB8D57A175b88c7D8b47997506,0x8CE9Db6185925B64d270bDa88DF6E3398f54021e,0,8820900000000,910267148427601283,0,1641660261
23486396,0x277FEf984D1115a6f543d3D65A2d138faF1db856,0xE41fe96c92C05fc4Ba414F5eE68Dd7a173c92E1D,107343141557804833,0,0,1155310422389,1641660265
23487314,0x277FEf984D1115a6f543d3D65A2d138faF1db856,0xE41fe96c92C05fc4Ba414F5eE68Dd7a173c92E1D,104072924061975879,0,0,1086198942287,1641662419
23487347,0x277FEf984D1115a6f543d3D65A2d138faF1db856,0xE41fe96c92C05fc4Ba414F5eE68Dd7a173c92E1D,107233191768927029,0,0,1085827819353,1641662485
23487368,0x1b02dA8Cb0d097eB8D57A175b88c7D8b47997506,0x55986cC9eb57E29875A80a7f70b9aBCEF063cfAf,923545800000000000,0,0,8150063899108,1641662531
23487370,0x0b1413E95202570287F490F6CAe04F60Ec1018BE,0x0b1413E95202570287F490F6CAe04F60Ec1018BE,0,1893101123860,234005014592893898,0,1641662535
23487402,0x0b1413E95202570287F490F6CAe04F60Ec1018BE,0xE41fe96c92C05fc4Ba414F5eE68Dd7a173c92E1D,143455434292239869,0,0,1166969347692,1641662599
23487433,0x0b1413E95202570287F490F6CAe04F60Ec1018BE,0xE41fe96c92C05fc4Ba414F5eE68Dd7a173c92E1D,151381281707280954,0,0,1186487078360,1641662665
23487457,0x1b02dA8Cb0d097eB8D57A175b88c7D8b47997506,0x55986cC9eb57E29875A80a7f70b9aBCEF063cfAf,985845510000000000,0,0,6758050054192,1641662713
23487458,0x277FEf984D1115a6f543d3D65A2d138faF1db856,0x604229c960e5CACF2aaEAc8Be68Ac07BA9dF81c3,0,791407918936,126978893008711507,0,1641662715
23487484,0x277FEf984D1115a6f543d3D65A2d138faF1db856,0xE41fe96c92C05fc4Ba414F5eE68Dd7a173c92E1D,146020394156549262,0,0,902815872527,1641662767
23487503,0x1b02dA8Cb0d097eB8D57A175b88c7D8b47997506,0x55986cC9eb57E29875A80a7f70b9aBCEF063cfAf,1285632481000000000,0,0,6852348115928,1641662809
23487504,0x4D1119ff8c1d6762A08d2fBe3974395080A656FE,0x4D1119ff8c1d6762A08d2fBe3974395080A656FE,0,788010469435,165117800340167271,0,1641662811
23487537,0x0b1413E95202570287F490F6CAe04F60Ec1018BE,0xE41fe96c92C05fc4Ba414F5eE68Dd7a173c92E1D,169896975991023162,0,0,805667532734,1641662878
23487566,0x4D1119ff8c1d6762A08d2fBe3974395080A656FE,0xE41fe96c92C05fc4Ba414F5eE68Dd7a173c92E1D,212586975097656260,0,0,971693830092,1641662940
23487590,0x1b02dA8Cb0d097eB8D57A175b88c7D8b47997506,0x55986cC9eb57E29875A80a7f70b9aBCEF063cfAf,1739526410000000000,0,0,6693158204965,1641662988
23487592,0x277FEf984D1115a6f543d3D65A2d138faF1db856,0x61D6336eA45661B6844A9F3423F968925AC50242,0,774141423468,228573856178659520,0,1641662992
23487619,0x4CFf3E9409bEB4f824abB6F787C2A4d63C688d69,0xE41fe96c92C05fc4Ba414F5eE68Dd7a173c92E1D,250000000000000000,0,0,840271413636,1641663050
23487647,0x1b02dA8Cb0d097eB8D57A175b88c7D8b47997506,0x55986cC9eb57E29875A80a7f70b9aBCEF063cfAf,2378561340000000000,0,0,6569317344848,1641663106
23487649,0x0b1413E95202570287F490F6CAe04F60Ec1018BE,0x0b1413E95202570287F490F6CAe04F60Ec1018BE,0,840355242152,352140399422925751,0,1641663110
23487987,0x277FEf984D1115a6f543d3D65A2d138faF1db856,0xDa48D9Ab5193CEDa83396c24237958A5bE59F9B1,0,470412812617,189844850560731633,0,1641663934
23488090,0x277FEf984D1115a6f543d3D65A2d138faF1db856,0xB0613Fdb192E1f2F9E6EB06a812dC9c7d852043F,0,508237748335,199539955211806399,0,1641664202
23488119,0x0b1413E95202570287F490F6CAe04F60Ec1018BE,0x0b1413E95202570287F490F6CAe04F60Ec1018BE,0,649967992771,247130124846824963,0,1641664318
23488148,0x1b02dA8Cb0d097eB8D57A175b88c7D8b47997506,0x8CE9Db6185925B64d270bDa88DF6E3398f54021e,0,793881000000,290222568602849532,0,1641664396
23488167,0x1b02dA8Cb0d097eB8D57A175b88c7D8b47997506,0x8CE9Db6185925B64d270bDa88DF6E3398f54021e,0,7859421900000,2325410482818587568,0,1641664434
23488201,0x1b02dA8Cb0d097eB8D57A175b88c7D8b47997506,0x8CE9Db6185925B64d270bDa88DF6E3398f54021e,0,7073479710000,1496601289746787943,0,1641664506
23488203,0x0b1413E95202570287F490F6CAe04F60Ec1018BE,0xE41fe96c92C05fc4Ba414F5eE68Dd7a173c92E1D,235258713112639833,0,0,1247444428262,1641664510
23488204,0x1b02dA8Cb0d097eB8D57A175b88c7D8b47997506,0x55986cC9eb57E29875A80a7f70b9aBCEF063cfAf,3562318490000000000,0,0,13549878429829,1641664512
23488204,0x1b02dA8Cb0d097eB8D57A175b88c7D8b47997506,0x55986cC9eb57E29875A80a7f70b9aBCEF063cfAf,3264892000000000000,0,0,7337783264052,1641664512
23488206,0x277FEf984D1115a6f543d3D65A2d138faF1db856,0xfdE70f90Af2341ACB537778b20951E7Bc95DFB02,0,487857703557,264058426806168652,0,1641664516
23488242,0x277FEf984D1115a6f543d3D65A2d138faF1db856,0xfdE70f90Af2341ACB537778b20951E7Bc95DFB02,0,516480674994,270574062905958772,0,1641664588
23488252,0x0b1413E95202570287F490F6CAe04F60Ec1018BE,0xE41fe96c92C05fc4Ba414F5eE68Dd7a173c92E1D,278343280416924677,0,0,527930838938,1641664608
23488253,0x1b02dA8Cb0d097eB8D57A175b88c7D8b47997506,0x8CE9Db6185925B64d270bDa88DF6E3398f54021e,1000000000000000000,0,0,1757780806119,1641664610
23488279,0x1b02dA8Cb0d097eB8D57A175b88c7D8b47997506,0x8CE9Db6185925B64d270bDa88DF6E3398f54021e,1000000000000000000,0,0,1567147127516,1641664666
23488281,0x0b1413E95202570287F490F6CAe04F60Ec1018BE,0x0b1413E95202570287F490F6CAe04F60Ec1018BE,0,382155667314,252792491174350068,0,1641664670
23488300,0x1b02dA8Cb0d097eB8D57A175b88c7D8b47997506,0x8CE9Db6185925B64d270bDa88DF6E3398f54021e,1000000000000000000,0,0,1444375818245,1641664708
23488303,0x277FEf984D1115a6f543d3D65A2d138faF1db856,0xfdE70f90Af2341ACB537778b20951E7Bc95DFB02,0,234218084700,168565339458162005,0,1641664714
23488306,0x4CFf3E9409bEB4f824abB6F787C2A4d63C688d69,0x1A9EFC7507D3Bb3206cA5baBb4dF9e168Bd5cDEE,0,521941910744,365166948120013666,0,1641664720
23488326,0x1b02dA8Cb0d097eB8D57A175b88c7D8b47997506,0x8CE9Db6185925B64d270bDa88DF6E3398f54021e,0,6843062114188,3750171514441594051,0,1641664764
23488328,0x0b1413E95202570287F490F6CAe04F60Ec1018BE,0xE41fe96c92C05fc4Ba414F5eE68Dd7a173c92E1D,405177636389708919,0,0,896351887092,1641664768
23488337,0x1b02dA8Cb0d097eB8D57A175b88c7D8b47997506,0x55986cC9eb57E29875A80a7f70b9aBCEF063cfAf,2235408000000000000,0,0,4201562737839,1641664786
23488339,0x0b1413E95202570287F490F6CAe04F60Ec1018BE,0x0b1413E95202570287F490F6CAe04F60Ec1018BE,0,485660860680,289541079103125451,0,1641664790
23488348,0x1b02dA8Cb0d097eB8D57A175b88c7D8b47997506,0x8CE9Db6185925B64d270bDa88DF6E3398f54021e,1000000000000000000,0,0,1602667589699,1641664808
23488351,0x277FEf984D1115a6f543d3D65A2d138faF1db856,0xfdE70f90Af2341ACB537778b20951E7Bc95DFB02,0,265742920399,172732479664940235,0,1641664814
23488382,0x4CFf3E9409bEB4f824abB6F787C2A4d63C688d69,0xE41fe96c92C05fc4Ba414F5eE68Dd7a173c92E1D,338389089134369588,0,0,512864134788,1641664876
23488499,0x277FEf984D1115a6f543d3D65A2d138faF1db856,0xfdE70f90Af2341ACB537778b20951E7Bc95DFB02,0,596609415072,390164264098372049,0,1641665122
23488584,0x1b02dA8Cb0d097eB8D57A175b88c7D8b47997506,0x8CE9Db6185925B64d270bDa88DF6E3398f54021e,0,13190226617391,5747684161484063221,0,1641665302
23488586,0x277FEf984D1115a6f543d3D65A2d138faF1db856,0xE41fe96c92C05fc4Ba414F5eE68Dd7a173c92E1D,350020824070505437,0,0,1141430863817,1641665306
23488611,0x1b02dA8Cb0d097eB8D57A175b88c7D8b47997506,0x8CE9Db6185925B64d270bDa88DF6E3398f54021e,100000000000000000,0,0,314563888874,1641665356
23488640,0x1b02dA8Cb0d097eB8D57A175b88c7D8b47997506,0x8CE9Db6185925B64d270bDa88DF6E3398f54021e,1000000000000000000,0,0,2893867807643,1641665418
23488818,0x277FEf984D1115a6f543d3D65A2d138faF1db856,0xfdE70f90Af2341ACB537778b20951E7Bc95DFB02,0,1361984924416,486719731200117366,0,1641665788
23488836,0x277FEf984D1115a6f543d3D65A2d138faF1db856,0xfdE70f90Af2341ACB537778b20951E7Bc95DFB02,0,863112455571,290915042796895856,0,1641665838
23488891,0xADCF328aaE6a8E32E532496dD7E4cc45456CC00d,0xADCF328aaE6a8E32E532496dD7E4cc45456CC00d,0,844603404744,272527477394668818,0,1641666058
23488929,0x277FEf984D1115a6f543d3D65A2d138faF1db856,0xfdE70f90Af2341ACB537778b20951E7Bc95DFB02,0,977001740827,301241523898197215,0,1641666146
23488980,0x277FEf984D1115a6f543d3D65A2d138faF1db856,0xfdE70f90Af2341ACB537778b20951E7Bc95DFB02,0,950057283197,279475454631344525,0,1641666267
23489028,0x277FEf984D1115a6f543d3D65A2d138faF1db856,0xfdE70f90Af2341ACB537778b20951E7Bc95DFB02,0,950124056822,267114512465806631,0,1641666367
23489047,0x277FEf984D1115a6f543d3D65A2d138faF1db856,0xfdE70f90Af2341ACB537778b20951E7Bc95DFB02,0,950616895095,255668382519824946,0,1641666405
23489074,0x1b02dA8Cb0d097eB8D57A175b88c7D8b47997506,0x8CE9Db6185925B64d270bDa88DF6E3398f54021e,1000000000000000000,0,0,3477837718608,1641666459
23489075,0x1b02dA8Cb0d097eB8D57A175b88c7D8b47997506,0x8CE9Db6185925B64d270bDa88DF6E3398f54021e,1000000000000000000,0,0,2965360871761,1641666461
23489075,0x1b02dA8Cb0d097eB8D57A175b88c7D8b47997506,0x8CE9Db6185925B64d270bDa88DF6E3398f54021e,0,13208431696517,3533966768052784747,0,1641666461
23489113,0x1b02dA8Cb0d097eB8D57A175b88c7D8b47997506,0x55986cC9eb57E29875A80a7f70b9aBCEF063cfAf,3589600000000000000,0,0,13302421390340,1641666541
23489114,0x1b02dA8Cb0d097eB8D57A175b88c7D8b47997506,0x55986cC9eb57E29875A80a7f70b9aBCEF063cfAf,846235800000000000,0,0,2174175532524,1641666543
23489116,0x4D1119ff8c1d6762A08d2fBe3974395080A656FE,0x4D1119ff8c1d6762A08d2fBe3974395080A656FE,0,956797947217,382779783136028091,0,1641666547
23489118,0x277FEf984D1115a6f543d3D65A2d138faF1db856,0xE41fe96c92C05fc4Ba414F5eE68Dd7a173c92E1D,157279351224100970,0,0,397017546134,1641666551
23489414,0x0b1413E95202570287F490F6CAe04F60Ec1018BE,0xE41fe96c92C05fc4Ba414F5eE68Dd7a173c92E1D,289349162446105566,0,0,707976249335,1641667163
23489436,0x1b02dA8Cb0d097eB8D57A175b88c7D8b47997506,0x55986cC9eb57E29875A80a7f70b9aBCEF063cfAf,985632100000000000,0,0,2213767313375,1641667207
23489458,0x4D1119ff8c1d6762A08d2fBe3974395080A656FE,0xE41fe96c92C05fc4Ba414F5eE68Dd7a173c92E1D,212586975097656260,0,0,441099954015,1641667251
23489480,0x1b02dA8Cb0d097eB8D57A175b88c7D8b47997506,0x55986cC9eb57E29875A80a7f70b9aBCEF063cfAf,1356273000000000000,0,0,2556202673837,1641667299
23489481,0x4D1119ff8c1d6762A08d2fBe3974395080A656FE,0x4D1119ff8c1d6762A08d2fBe3974395080A656FE,0,423310774379,239121670539639219,0,1641667301
23489487,0x4CFf3E9409bEB4f824abB6F787C2A4d63C688d69,0x1A9EFC7507D3Bb3206cA5baBb4dF9e168Bd5cDEE,0,676630661831,368599379680264568,0,1641667313
23489504,0x0b1413E95202570287F490F6CAe04F60Ec1018BE,0xE41fe96c92C05fc4Ba414F5eE68Dd7a173c92E1D,316053972887934689,0,0,578574536586,1641667347
23489526,0x1b02dA8Cb0d097eB8D57A175b88c7D8b47997506,0x55986cC9eb57E29875A80a7f70b9aBCEF063cfAf,2596837300000000000,0,0,4040952110993,1641667391
23489527,0x4CFf3E9409bEB4f824abB6F787C2A4d63C688d69,0x1A9EFC7507D3Bb3206cA5baBb4dF9e168Bd5cDEE,0,529133110467,382591041347001950,0,1641667393
23489559,0x4D1119ff8c1d6762A08d2fBe3974395080A656FE,0xE41fe96c92C05fc4Ba414F5eE68Dd7a173c92E1D,365173950195312500,0,0,502528948940,1641667461
23489591,0x1b02dA8Cb0d097eB8D57A175b88c7D8b47997506,0x55986cC9eb57E29875A80a7f70b9aBCEF063cfAf,3233841300000000000,0,0,3743032821199,1641667525
23489592,0x0b1413E95202570287F490F6CAe04F60Ec1018BE,0x0b1413E95202570287F490F6CAe04F60Ec1018BE,0,443136858852,435556789314298535,0,1641667527
23489616,0x0b1413E95202570287F490F6CAe04F60Ec1018BE,0xE41fe96c92C05fc4Ba414F5eE68Dd7a173c92E1D,399484245236156868,0,0,404692496099,1641667579
23489647,0x1b02dA8Cb0d097eB8D57A175b88c7D8b47997506,0x55986cC9eb57E29875A80a7f70b9aBCEF063cfAf,3489500000000000000,0,0,3008477428008,1641667641
23489649,0x0b1413E95202570287F490F6CAe04F60Ec1018BE,0x0b1413E95202570287F490F6CAe04F60Ec1018BE,0,354712962111,463809364122702492,0,1641667645
23489675,0x4CFf3E9409bEB4f824abB6F787C2A4d63C688d69,0xE41fe96c92C05fc4Ba414F5eE68Dd7a173c92E1D,416460821640462858,0,0,317202224605,1641667701
23489706,0x4CFf3E9409bEB4f824abB6F787C2A4d63C688d69,0x1A9EFC7507D3Bb3206cA5baBb4dF9e168Bd5cDEE,0,286550425079,374575745827855889,0,1641667763
23489708,0x1b02dA8Cb0d097eB8D57A175b88c7D8b47997506,0x55986cC9eb57E29875A80a7f70b9aBCEF063cfAf,3737332500000000000,0,0,2517565308058,1641667767
23489710,0x0b1413E95202570287F490F6CAe04F60Ec1018BE,0x0b1413E95202570287F490F6CAe04F60Ec1018BE,0,353487685254,585752564146979015,0,1641667771
23489744,0x0b1413E95202570287F490F6CAe04F60Ec1018BE,0x0b1413E95202570287F490F6CAe04F60Ec1018BE,0,374810755839,596055430410333815,0,1641667877
23489754,0x0b1413E95202570287F490F6CAe04F60Ec1018BE,0xE41fe96c92C05fc4Ba414F5eE68Dd7a173c92E1D,468985194897520580,0,0,294472658352,1641667917
23489761,0x0b1413E95202570287F490F6CAe04F60Ec1018BE,0x0b1413E95202570287F490F6CAe04F60Ec1018BE,0,327680211892,517846590118676346,0,1641667945
23489774,0x0b1413E95202570287F490F6CAe04F60Ec1018BE,0x0b1413E95202570287F490F6CAe04F60Ec1018BE,0,400873221887,608578336092943776,0,1641667997
23489797,0x0b1413E95202570287F490F6CAe04F60Ec1018BE,0x0b1413E95202570287F490F6CAe04F60Ec1018BE,0,442531799877,641920030873969480,0,1641668081
23489824,0x1b02dA8Cb0d097eB8D57A175b88c7D8b47997506,0x55986cC9eb57E29875A80a7f70b9aBCEF063cfAf,4145268400000000000,0,0,2521057654392,1641668135
23489831,0x0b1413E95202570287F490F6CAe04F60Ec1018BE,0x0b1413E95202570287F490F6CAe04F60Ec1018BE,0,359102684785,662942364709492182,0,1641668149
23489856,0x0b1413E95202570287F490F6CAe04F60Ec1018BE,0xE41fe96c92C05fc4Ba414F5eE68Dd7a173c92E1D,585781471335675727,0,0,316229721804,1641668203
23489875,0x4CFf3E9409bEB4f824abB6F787C2A4d63C688d69,0x1A9EFC7507D3Bb3206cA5baBb4dF9e168Bd5cDEE,0,236057035908,436783170247463689,0,1641668241
23489889,0x1b02dA8Cb0d097eB8D57A175b88c7D8b47997506,0x55986cC9eb57E29875A80a7f70b9aBCEF063cfAf,3722816000000000000,0,0,1808648492513,1641668269
23489890,0x4CFf3E9409bEB4f824abB6F787C2A4d63C688d69,0x1A9EFC7507D3Bb3206cA5baBb4dF9e168Bd5cDEE,0,251523802739,567825587814058421,0,1641668271
23489898,0x4CFf3E9409bEB4f824abB6F787C2A4d63C688d69,0x1A9EFC7507D3Bb3206cA5baBb4dF9e168Bd5cDEE,0,346330554713,751686857358336187,0,1641668287
23489980,0x45BC849989C01EB7215267a5c75Eea2d43E384Dc,0xfdE70f90Af2341ACB537778b20951E7Bc95DFB02,0,1946492673610,3995874775125926821,0,1641668455
23490009,0x45BC849989C01EB7215267a5c75Eea2d43E384Dc,0xfdE70f90Af2341ACB537778b20951E7Bc95DFB02,0,2980746301295,5638872531313477324,0,1641668517
23490034,0xE7D4800d36E63159A706C32ad93FcD02FB07a24f,0xE7D4800d36E63159A706C32ad93FcD02FB07a24f,0,2758533802183,4761441760237903908,0,1641668567
23490035,0x2103495c64700F1b238a4a1Bea9cF60201B50077,0x2103495c64700F1b238a4a1Bea9cF60201B50077,0,2039682882509,3270616538700576703,0,1641668569
23490037,0x4CFf3E9409bEB4f824abB6F787C2A4d63C688d69,0xE41fe96c92C05fc4Ba414F5eE68Dd7a173c92E1D,957870203262628471,0,0,606787270626,1641668573
23490045,0x1b02dA8Cb0d097eB8D57A175b88c7D8b47997506,0x55986cC9eb57E29875A80a7f70b9aBCEF063cfAf,235618000000000000,0,0,147585697943,1641668589
23490071,0x4CFf3E9409bEB4f824abB6F787C2A4d63C688d69,0x1A9EFC7507D3Bb3206cA5baBb4dF9e168Bd5cDEE,0,2824157782473,4309791309014696060,0,1641668645
23490072,0x0b1413E95202570287F490F6CAe04F60Ec1018BE,0x0b1413E95202570287F490F6CAe04F60Ec1018BE,0,160262513584,234099330231620109,0,1641668647
23490121,0x4CFf3E9409bEB4f824abB6F787C2A4d63C688d69,0xE41fe96c92C05fc4Ba414F5eE68Dd7a173c92E1D,765252895363317227,0,0,518068413166,1641668749
23490205,0x277FEf984D1115a6f543d3D65A2d138faF1db856,0xE41fe96c92C05fc4Ba414F5eE68Dd7a173c92E1D,687466140418703017,0,0,458875129944,1641668921
23490230,0x1b02dA8Cb0d097eB8D57A175b88c7D8b47997506,0x55986cC9eb57E29875A80a7f70b9aBCEF063cfAf,1487473000000000000,0,0,972314249573,1641668971
23490244,0x45BC849989C01EB7215267a5c75Eea2d43E384Dc,0xfdE70f90Af2341ACB537778b20951E7Bc95DFB02,0,2791081281557,4135548094347200027,0,1641669003
23490330,0x24bACeE5ba8Dc1a0F6f719884044363dbabB30b7,0x24bACeE5ba8Dc1a0F6f719884044363dbabB30b7,0,712393081048,1003692557467833443,0,1641669179
23490356,0x1b02dA8Cb0d097eB8D57A175b88c7D8b47997506,0x55986cC9eb57E29875A80a7f70b9aBCEF063cfAf,846254190000000000,0,0,598017104151,1641669231
23490452,0x8F4014909519A1Cd4226CD306e5e111238e611b1,0x8F4014909519A1Cd4226CD306e5e111238e611b1,0,4424565360287,5906699217046359161,0,1641669559
23490459,0x277FEf984D1115a6f543d3D65A2d138faF1db856,0xfdE70f90Af2341ACB537778b20951E7Bc95DFB02,0,532710769418,664679875452353592,0,1641669573
23490517,0x4CFf3E9409bEB4f824abB6F787C2A4d63C688d69,0x1A9EFC7507D3Bb3206cA5baBb4dF9e168Bd5cDEE,0,2340375182465,2812803581789516883,0,1641669693
23490544,0x4CFf3E9409bEB4f824abB6F787C2A4d63C688d69,0x1A9EFC7507D3Bb3206cA5baBb4dF9e168Bd5cDEE,0,2344227096073,2653321289786893742,0,1641669747
23490622,0x1b02dA8Cb0d097eB8D57A175b88c7D8b47997506,0xD68d1d3f6aBc5464e83CD8152e286cd26c7D1501,521051053925224362,0,0,468602406402,1641669907
23491877,0x3dB30FaDa51069769147a40d30efA202c1404F30,0x3dB30FaDa51069769147a40d30efA202c1404F30,0,5228696867584,5456826080356018637,0,1641672704
23491910,0x1b02dA8Cb0d097eB8D57A175b88c7D8b47997506,0x55986cC9eb57E29875A80a7f70b9aBCEF063cfAf,31548900000000000,0,0,32004651115,1641672826
23493866,0x1b02dA8Cb0d097eB8D57A175b88c7D8b47997506,0x8CE9Db6185925B64d270bDa88DF6E3398f54021e,0,16443198590369,13512967440463809153,0,1641677114
23493866,0x8F4014909519A1Cd4226CD306e5e111238e611b1,0xE41fe96c92C05fc4Ba414F5eE68Dd7a173c92E1D,7957045966324215027,0,0,10317755716538,1641677114
23493868,0x0b1413E95202570287F490F6CAe04F60Ec1018BE,0x0b1413E95202570287F490F6CAe04F60Ec1018BE,0,2240312577539,1866597560689803843,0,1641677118
23493937,0x277FEf984D1115a6f543d3D65A2d138faF1db856,0xE41fe96c92C05fc4Ba414F5eE68Dd7a173c92E1D,715023136180106248,0,0,865898551704,1641677260
23493953,0x277FEf984D1115a6f543d3D65A2d138faF1db856,0xE41fe96c92C05fc4Ba414F5eE68Dd7a173c92E1D,493896746789766628,0,0,588781344039,1641677296
23494024,0xE7D4800d36E63159A706C32ad93FcD02FB07a24f,0xE41fe96c92C05fc4Ba414F5eE68Dd7a173c92E1D,871332419178900639,0,0,1020642736255,1641677443
23494112,0x1b02dA8Cb0d097eB8D57A175b88c7D8b47997506,0x8CE9Db6185925B64d270bDa88DF6E3398f54021e,0,5863327679770,4727670007107286314,0,1641677623
23494112,0x7C2Cd76b6c3a3C50Ab730C6719C1C9a5eB537664,0x7C2Cd76b6c3a3C50Ab730C6719C1C9a5eB537664,2389384988544772808,0,0,3037150427731,1641677623
23494127,0x24bACeE5ba8Dc1a0F6f719884044363dbabB30b7,0xE41fe96c92C05fc4Ba414F5eE68Dd7a173c92E1D,897113059631958805,0,0,1091577515087,1641677653
23494167,0xE7D4800d36E63159A706C32ad93FcD02FB07a24f,0xE41fe96c92C05fc4Ba414F5eE68Dd7a173c92E1D,988367618007838525,0,0,1173517191067,1641677737
23494202,0xE7D4800d36E63159A706C32ad93FcD02FB07a24f,0xE41fe96c92C05fc4Ba414F5eE68Dd7a173c92E1D,1050167362327387245,0,0,1214711188399,1641677807
23494233,0x4CFf3E9409bEB4f824abB6F787C2A4d63C688d69,0xE41fe96c92C05fc4Ba414F5eE68Dd7a173c92E1D,958310113392930613,0,0,1080608973419,1641677873
23494380,0x277FEf984D1115a6f543d3D65A2d138faF1db856,0xE41fe96c92C05fc4Ba414F5eE68Dd7a173c92E1D,345351654670814826,0,0,383097330506,1641678303
23494655,0x99c1C5478b00Afc2Fc1BD946C7e704ebcf77794D,0xE41fe96c92C05fc4Ba414F5eE68Dd7a173c92E1D,554737983144517179,0,0,608519633461,1641678869
23494785,0x24bACeE5ba8Dc1a0F6f719884044363dbabB30b7,0xE41fe96c92C05fc4Ba414F5eE68Dd7a173c92E1D,1442479235387185945,0,0,1543945516837,1641679141
23494817,0xE7D4800d36E63159A706C32ad93FcD02FB07a24f,0xE41fe96c92C05fc4Ba414F5eE68Dd7a173c92E1D,1001631070000000000,0,0,1040617852657,1641679205
23494885,0x24bACeE5ba8Dc1a0F6f719884044363dbabB30b7,0xE41fe96c92C05fc4Ba414F5eE68Dd7a173c92E1D,984973267580761165,0,0,999188597797,1641679345
23495872,0x4CFf3E9409bEB4f824abB6F787C2A4d63C688d69,0x1A9EFC7507D3Bb3206cA5baBb4dF9e168Bd5cDEE,0,821782119132,806961056102035868,0,1641681511
23495907,0xE7D4800d36E63159A706C32ad93FcD02FB07a24f,0xA623B447a71eC4Ee16eb2A46958F412c930594e1,0,1137504829146,1091755030994384977,0,1641681581
23495933,0x7C2Cd76b6c3a3C50Ab730C6719C1C9a5eB537664,0x7C2Cd76b6c3a3C50Ab730C6719C1C9a5eB537664,0,1579060954343,1468929475790239803,0,1641681633
23496002,0x3dB30FaDa51069769147a40d30efA202c1404F30,0x3dB30FaDa51069769147a40d30efA202c1404F30,0,4110861023529,3588805460118870958,0,1641681779
23496028,0x3dB30FaDa51069769147a40d30efA202c1404F30,0x3dB30FaDa51069769147a40d30efA202c1404F30,0,4648381806339,3691832361406290895,0,1641681831
23496053,0x7C2Cd76b6c3a3C50Ab730C6719C1C9a5eB537664,0x7C2Cd76b6c3a3C50Ab730C6719C1C9a5eB537664,0,4749426648856,3423881177475823411,0,1641681881
23496075,0x24bACeE5ba8Dc1a0F6f719884044363dbabB30b7,0x24bACeE5ba8Dc1a0F6f719884044363dbabB30b7,0,4688436629887,3080389195460544082,0,1641681929
23496089,0x1b02dA8Cb0d097eB8D57A175b88c7D8b47997506,0x8CE9Db6185925B64d270bDa88DF6E3398f54021e,0,19485663412975,10347883901480277436,0,1641681957
23496089,0xD0d3C62BEFcDb84C01Be1c209f15a8bf571900cE,0xE41fe96c92C05fc4Ba414F5eE68Dd7a173c92E1D,4519839563116787867,0,0,9272544291222,1641681957
23496105,0x277FEf984D1115a6f543d3D65A2d138faF1db856,0xE41fe96c92C05fc4Ba414F5eE68Dd7a173c92E1D,516504841871098204,0,0,973132476563,1641681989
23496117,0x3dB30FaDa51069769147a40d30efA202c1404F30,0x3dB30FaDa51069769147a40d30efA202c1404F30,0,3669188309613,1892271772575022014,0,1641682013
23496134,0x1b02dA8Cb0d097eB8D57A175b88c7D8b47997506,0x8CE9Db6185925B64d270bDa88DF6E3398f54021e,0,11852995359596,5390620820880975858,0,1641682051
23496135,0x3dB30FaDa51069769147a40d30efA202c1404F30,0xE41fe96c92C05fc4Ba414F5eE68Dd7a173c92E1D,2606386013341761536,0,0,5977287493306,1641682053
23496171,0x4D1119ff8c1d6762A08d2fBe3974395080A656FE,0x8A4CEb4DffA238539C5d62Ce424980e8fdb21EBc,0,2422113067291,1079299327423397979,0,1641682125
23496198,0x4D1119ff8c1d6762A08d2fBe3974395080A656FE,0x101640e107C4a72DeC79826768C239F1eB48cc85,0,2503428743514,1073350756790409894,0,1641682183
23496215,0x1b02dA8Cb0d097eB8D57A175b88c7D8b47997506,0x8CE9Db6185925B64d270bDa88DF6E3398f54021e,0,10990536060048,4262424001703199349,0,1641682217
23496216,0x7C2Cd76b6c3a3C50Ab730C6719C1C9a5eB537664,0x7C2Cd76b6c3a3C50Ab730C6719C1C9a5eB537664,1923087019760519025,0,0,5150238961184,1641682219
23496235,0x277FEf984D1115a6f543d3D65A2d138faF1db856,0xE41fe96c92C05fc4Ba414F5eE68Dd7a173c92E1D,500382442320271508,0,0,1278860137916,1641682257
23496244,0x7C2Cd76b6c3a3C50Ab730C6719C1C9a5eB537664,0x7C2Cd76b6c3a3C50Ab730C6719C1C9a5eB537664,0,2894766373338,1112728728951684907,0,1641682275
23496252,0x4D1119ff8c1d6762A08d2fBe3974395080A656FE,0xE41fe96c92C05fc4Ba414F5eE68Dd7a173c92E1D,670347900390625000,0,0,1748226777497,1641682291
23496299,0x277FEf984D1115a6f543d3D65A2d138faF1db856,0xE41fe96c92C05fc4Ba414F5eE68Dd7a173c92E1D,608300258345112001,0,0,1548322954056,1641682389
23496393,0x7C2Cd76b6c3a3C50Ab730C6719C1C9a5eB537664,0x7C2Cd76b6c3a3C50Ab730C6719C1C9a5eB537664,1053919511717170857,0,0,2600508900454,1641682585
23497770,0xDEF171Fe48CF0115B1d80b88dc8eAB59176FEe57,0xDEF171Fe48CF0115B1d80b88dc8eAB59176FEe57,495625000000000000,0,0,1188347121564,1641685551
23514077,0x7C2Cd76b6c3a3C50Ab730C6719C1C9a5eB537664,0x7C2Cd76b6c3a3C50Ab730C6719C1C9a5eB537664,0,4492070818946,1816920387686176370,0,1641723860
23514110,0x7C2Cd76b6c3a3C50Ab730C6719C1C9a5eB537664,0x7C2Cd76b6c3a3C50Ab730C6719C1C9a5eB537664,0,4964440587590,1872444185076908806,0,1641723926
23514747,0x84E5Bc3dF0df0f543648f250443c6f4077218312,0x84E5Bc3dF0df0f543648f250443c6f4077218312,0,11216589703562,3778399123041496379,0,1641725240
23514768,0x1b02dA8Cb0d097eB8D57A175b88c7D8b47997506,0x1b02dA8Cb0d097eB8D57A175b88c7D8b47997506,0,27979714031432,7365800000000000000,0,1641725286
23514768,0x84E5Bc3dF0df0f543648f250443c6f4077218312,0x84E5Bc3dF0df0f543648f250443c6f4077218312,3222424690000000000,0,0,13345698328188,1641725286
23514806,0x84E5Bc3dF0df0f543648f250443c6f4077218312,0x84E5Bc3dF0df0f543648f250443c6f4077218312,0,13864537470071,3319546493161583120,0,1641725362
23514838,0x1b02dA8Cb0d097eB8D57A175b88c7D8b47997506,0x1b02dA8Cb0d097eB8D57A175b88c7D8b47997506,0,52635870978475,9000000000000000000,0,1641725430
23514838,0xD0d3C62BEFcDb84C01Be1c209f15a8bf571900cE,0xE41fe96c92C05fc4Ba414F5eE68Dd7a173c92E1D,3829913212193382036,0,0,25614454599752,1641725430
23515102,0x1b02dA8Cb0d097eB8D57A175b88c7D8b47997506,0x1b02dA8Cb0d097eB8D57A175b88c7D8b47997506,0,34969919472598,5000000000000000000,0,1641725974
23515102,0x7C2Cd76b6c3a3C50Ab730C6719C1C9a5eB537664,0x7C2Cd76b6c3a3C50Ab730C6719C1C9a5eB537664,2321887903061918818,0,0,17506228330573,1641725974
23515136,0x1b02dA8Cb0d097eB8D57A175b88c7D8b47997506,0x1b02dA8Cb0d097eB8D57A175b88c7D8b47997506,0,51960016561638,6000000000000000000,0,1641726046
23515136,0xD0d3C62BEFcDb84C01Be1c209f15a8bf571900cE,0xE41fe96c92C05fc4Ba414F5eE68Dd7a173c92E1D,2703704945178989708,0,0,25972797351373,1641726046
23515167,0x3dB30FaDa51069769147a40d30efA202c1404F30,0x3dB30FaDa51069769147a40d30efA202c1404F30,0,20558244419394,2170909950455677322,0,1641726108
23515212,0x7C2Cd76b6c3a3C50Ab730C6719C1C9a5eB537664,0x7C2Cd76b6c3a3C50Ab730C6719C1C9a5eB537664,0,23782367513968,2133668220341302481,0,1641726202
23515239,0x7C2Cd76b6c3a3C50Ab730C6719C1C9a5eB537664,0x7C2Cd76b6c3a3C50Ab730C6719C1C9a5eB537664,0,25722222878392,1951328500789043322,0,1641726256
23515259,0x1b02dA8Cb0d097eB8D57A175b88c7D8b47997506,0x1b02dA8Cb0d097eB8D57A175b88c7D8b47997506,0,309773443953926,11000000000000000000,0,1641726296
23515259,0x84E5Bc3dF0df0f543648f250443c6f4077218312,0x84E5Bc3dF0df0f543648f250443c6f4077218312,3646369188000000000,0,0,152283478327314,1641726296
23515291,0x3dB30FaDa51069769147a40d30efA202c1404F30,0x3dB30FaDa51069769147a40d30efA202c1404F30,0,37043206048470,1080103134944445472,0,1641726364
23515320,0x1b02dA8Cb0d097eB8D57A175b88c7D8b47997506,0x1b02dA8Cb0d097eB8D57A175b88c7D8b47997506,0,207138435569494,4000000000000000000,0,1641726422
23515320,0xD0d3C62BEFcDb84C01Be1c209f15a8bf571900cE,0xE41fe96c92C05fc4Ba414F5eE68Dd7a173c92E1D,1645079573207683173,0,0,101980946588132,1641726422
23515371,0x1b02dA8Cb0d097eB8D57A175b88c7D8b47997506,0x55986cC9eb57E29875A80a7f70b9aBCEF063cfAf,3000000000000000000,0,0,126939496163651,1641726528
23515371,0x3dB30FaDa51069769147a40d30efA202c1404F30,0x3dB30FaDa51069769147a40d30efA202c1404F30,0,61954367524522,1627423205953085570,0,1641726528
23515439,0x1b02dA8Cb0d097eB8D57A175b88c7D8b47997506,0x1b02dA8Cb0d097eB8D57A175b88c7D8b47997506,0,56660607506159,1200000000000000000,0,1641726668
23515439,0x4CFf3E9409bEB4f824abB6F787C2A4d63C688d69,0xE41fe96c92C05fc4Ba414F5eE68Dd7a173c92E1D,522011711673943460,0,0,25860290630301,1641726668
23515783,0x45BC849989C01EB7215267a5c75Eea2d43E384Dc,0xE41fe96c92C05fc4Ba414F5eE68Dd7a173c92E1D,1517959887357069568,0,0,70247138657136,1641727530
23516254,0x1b02dA8Cb0d097eB8D57A175b88c7D8b47997506,0x8CE9Db6185925B64d270bDa88DF6E3398f54021e,1000000000000000000,0,0,44424748618107,1641728511
23516439,0x277FEf984D1115a6f543d3D65A2d138faF1db856,0xE41fe96c92C05fc4Ba414F5eE68Dd7a173c92E1D,333412556955553486,0,0,14499296258727,1641728893
23516475,0x4CFf3E9409bEB4f824abB6F787C2A4d63C688d69,0xE41fe96c92C05fc4Ba414F5eE68Dd7a173c92E1D,708790168089586814,0,0,30321582676972,1641728965
23516493,0x4CFf3E9409bEB4f824abB6F787C2A4d63C688d69,0xE41fe96c92C05fc4Ba414F5eE68Dd7a173c92E1D,668015182301267775,0,0,27968464203902,1641729005
23520775,0x4CFf3E9409bEB4f824abB6F787C2A4d63C688d69,0xE41fe96c92C05fc4Ba414F5eE68Dd7a173c92E1D,649063453506614557,0,0,26626716239261,1641738413
23522703,0x1b02dA8Cb0d097eB8D57A175b88c7D8b47997506,0x00b92CcBe5A7EB1D6b7Ad08FB526b87fb3D90910,1000000000000000000,0,0,40002974361168,1641742425
23527496,0x4CFf3E9409bEB4f824abB6F787C2A4d63C688d69,0x1A9EFC7507D3Bb3206cA5baBb4dF9e168Bd5cDEE,0,13487453103164,338542103372209790,0,1641752894
23532378,0x1b02dA8Cb0d097eB8D57A175b88c7D8b47997506,0xdB6f1920A889355780aF7570773609Bd8Cb1f498,1846153846153846116,0,0,71488481831693,1641763783
23546495,0x1b02dA8Cb0d097eB8D57A175b88c7D8b47997506,0xdB6f1920A889355780aF7570773609Bd8Cb1f498,0,79511028941411,2035193316232374535,0,1641794475
23546655,0x7C2Cd76b6c3a3C50Ab730C6719C1C9a5eB537664,0x7C2Cd76b6c3a3C50Ab730C6719C1C9a5eB537664,0,67449755788359,1632804281520880763,0,1641794807
23550380,0x277FEf984D1115a6f543d3D65A2d138faF1db856,0xE41fe96c92C05fc4Ba414F5eE68Dd7a173c92E1D,228008083387691821,0,0,9567826957768,1641803151
23563936,0x1b02dA8Cb0d097eB8D57A175b88c7D8b47997506,0xdB6f1920A889355780aF7570773609Bd8Cb1f498,0,21351587565274,503598823569777864,0,1641835256
23566283,0x277FEf984D1115a6f543d3D65A2d138faF1db856,0xe90205817a8589254be970e46D3ec474Bad6625c,0,9803162007443,228578335693510110,0,1641840837
23579591,0x277FEf984D1115a6f543d3D65A2d138faF1db856,0x264e6BC3f95633725658e4D9640f7F7D9100F6AC,0,10487156496991,242717191549471564,0,1641871504
23593518,0x277FEf984D1115a6f543d3D65A2d138faF1db856,0xe82635a105c520fd58e597181cBf754961d51E3e,0,15644762285387,358655217028457319,0,1641902532
23598187,0x1b02dA8Cb0d097eB8D57A175b88c7D8b47997506,0xdB6f1920A889355780aF7570773609Bd8Cb1f498,2030769230769230800,0,0,85796180330192,1641913199
23614041,0xa8F53ab772dd9906b06c74889e9b996BF18E3F86,0xa8F53ab772dd9906b06c74889e9b996BF18E3F86,0,39265709684135,939850880193718874,0,1641949892
23614125,0xFB8edC880358260449D33208A4e8c65B319ADb9b,0xFB8edC880358260449D33208A4e8c65B319ADb9b,0,58928895927328,1360505631887911060,0,1641950064
23639494,0x277FEf984D1115a6f543d3D65A2d138faF1db856,0xE41fe96c92C05fc4Ba414F5eE68Dd7a173c92E1D,355602828092657614,0,0,15555647103149,1642007141
23648134,0x2EC255797FEF7669fA243509b7a599121148FFba,0x2EC255797FEF7669fA243509b7a599121148FFba,779990000000000000,0,0,33514232965264,1642026500
23648171,0x2EC255797FEF7669fA243509b7a599121148FFba,0x2EC255797FEF7669fA243509b7a599121148FFba,1298825316752435031,0,0,54028688534100,1642026574
23648173,0x277FEf984D1115a6f543d3D65A2d138faF1db856,0x6FC3360C48F6320421900b463C3075f37F2969B7,0,8467957976414,205812374708329168,0,1642026578
23650405,0x277FEf984D1115a6f543d3D65A2d138faF1db856,0x5589fF8e006A4C7e3691801Aa77C9De14537020b,0,5488420419759,132700375246418287,0,1642031438
23651236,0x277FEf984D1115a6f543d3D65A2d138faF1db856,0x101640e107C4a72DeC79826768C239F1eB48cc85,0,14755330382360,354080076640447892,0,1642033294
23651528,0x1b02dA8Cb0d097eB8D57A175b88c7D8b47997506,0x1b02dA8Cb0d097eB8D57A175b88c7D8b47997506,0,87542921499364,2023595495261020930,0,1642034154
23651529,0x4CFf3E9409bEB4f824abB6F787C2A4d63C688d69,0xE41fe96c92C05fc4Ba414F5eE68Dd7a173c92E1D,520630448299830205,0,0,22925677585655,1642034156
23668294,0x2ca930D38be12B65165fCF9a066aaD4d777A4e67,0x2ca930D38be12B65165fCF9a066aaD4d777A4e67,0,64375042914066,1431940866921899130,0,1642070806
23668316,0x1b02dA8Cb0d097eB8D57A175b88c7D8b47997506,0x1b02dA8Cb0d097eB8D57A175b88c7D8b47997506,0,150000000000000,3096199058337318292,0,1642070850
23668316,0x4CFf3E9409bEB4f824abB6F787C2A4d63C688d69,0xE41fe96c92C05fc4Ba414F5eE68Dd7a173c92E1D,770019730832304359,0,0,38546780219570,1642070850
23668341,0xa81cE04168e41A47F68a975d67a00fbeF729af9B,0x369582d2010B6eD950B571F4101e3bB9b554876F,0,100829964180928,1961285465814955073,0,1642070900
23668343,0x277FEf984D1115a6f543d3D65A2d138faF1db856,0xfdE70f90Af2341ACB537778b20951E7Bc95DFB02,0,18239121030931,340935291348424799,0,1642070904
23668371,0x1b02dA8Cb0d097eB8D57A175b88c7D8b47997506,0x1b02dA8Cb0d097eB8D57A175b88c7D8b47997506,0,161976522146971,2858334300000000000,0,1642070964
23668372,0x24bACeE5ba8Dc1a0F6f719884044363dbabB30b7,0xE41fe96c92C05fc4Ba414F5eE68Dd7a173c92E1D,740024994425816050,0,0,43306183184431,1642070966
23675527,0x2EC255797FEF7669fA243509b7a599121148FFba,0x2EC255797FEF7669fA243509b7a599121148FFba,1967855040689559951,0,0,109670539570326,1642086896
23675546,0x277FEf984D1115a6f543d3D65A2d138faF1db856,0xfdE70f90Af2341ACB537778b20951E7Bc95DFB02,0,22198662437587,407220845742097563,0,1642086934
23692484,0x2EC255797FEF7669fA243509b7a599121148FFba,0x2EC255797FEF7669fA243509b7a599121148FFba,0,109670539570326,1928909243712902641,0,1642125527
23692486,0x277FEf984D1115a6f543d3D65A2d138faF1db856,0xE41fe96c92C05fc4Ba414F5eE68Dd7a173c92E1D,620817019816556391,0,0,35925444102102,1642125531
23697915,0x1b02dA8Cb0d097eB8D57A175b88c7D8b47997506,0xdB6f1920A889355780aF7570773609Bd8Cb1f498,1503370986443121249,0,0,83732436588411,1642137494
23741398,0x4CFf3E9409bEB4f824abB6F787C2A4d63C688d69,0x1A9EFC7507D3Bb3206cA5baBb4dF9e168Bd5cDEE,0,20804971545194,378897340272021672,0,1642236548
23741418,0x1b02dA8Cb0d097eB8D57A175b88c7D8b47997506,0x1b02dA8Cb0d097eB8D57A175b88c7D8b47997506,0,27889092651011,500000000000000000,0,1642236588
23741443,0x277FEf984D1115a6f543d3D65A2d138faF1db856,0x6CFfF6f3890a65436A29a09cBfd7f749443a6DC0,0,29054332506870,511487080610938669,0,1642236642
23741474,0x1b02dA8Cb0d097eB8D57A175b88c7D8b47997506,0x1b02dA8Cb0d097eB8D57A175b88c7D8b47997506,0,51271492640311,880000000000000000,0,1642236704
23741508,0x277FEf984D1115a6f543d3D65A2d138faF1db856,0xfdE70f90Af2341ACB537778b20951E7Bc95DFB02,0,31226904254379,522298559082281609,0,1642236776
23743921,0xd89266EcD972AB5730374d6d4794Ab52d2607a4F,0x9cE65ae286e74f1268D19aB9b25f102C25DbDCb4,0,27283015719323,448152753963320888,0,1642242746
23808392,0x277FEf984D1115a6f543d3D65A2d138faF1db856,0x1a881D021d346C5433B2cf8FB46Ee00Dec89070d,0,13145278237914,213260282572336344,0,1642383301
23854426,0x1b02dA8Cb0d097eB8D57A175b88c7D8b47997506,0x1b02dA8Cb0d097eB8D57A175b88c7D8b47997506,0,95092320352989,1493256400000000000,0,1642483642
23854609,0x1b02dA8Cb0d097eB8D57A175b88c7D8b47997506,0x55986cC9eb57E29875A80a7f70b9aBCEF063cfAf,173598000000000000,0,0,11270163281542,1642484148
23891381,0x1b02dA8Cb0d097eB8D57A175b88c7D8b47997506,0x1b02dA8Cb0d097eB8D57A175b88c7D8b47997506,0,13952153533689,213456850000000000,0,1642562989
24020017,0x4CFf3E9409bEB4f824abB6F787C2A4d63C688d69,0xE41fe96c92C05fc4Ba414F5eE68Dd7a173c92E1D,422214806961602995,0,0,27322559178533,1642842308
24052994,0x1b02dA8Cb0d097eB8D57A175b88c7D8b47997506,0x1b02dA8Cb0d097eB8D57A175b88c7D8b47997506,0,54110165802964,824658921000000000,0,1642913496
24074548,0x4CFf3E9409bEB4f824abB6F787C2A4d63C688d69,0x1A9EFC7507D3Bb3206cA5baBb4dF9e168Bd5cDEE,0,20343501439706,303293044889228329,0,1642961993
24092057,0x4CFf3E9409bEB4f824abB6F787C2A4d63C688d69,0xE41fe96c92C05fc4Ba414F5eE68Dd7a173c92E1D,325335470994002734,0,0,21682718879781,1642999342
24186557,0x4fB520Ee0A14d8f0C39c5168F3098438CB3dce56,0x4fB520Ee0A14d8f0C39c5168F3098438CB3dce56,0,40995265965611,608020354766638488,0,1643202038
24186644,0x4CFf3E9409bEB4f824abB6F787C2A4d63C688d69,0x1A9EFC7507D3Bb3206cA5baBb4dF9e168Bd5cDEE,0,47900935823468,692345894493381689,0,1643202224
24226023,0x71A330C7958F114b61EbF5088e58DFe9c1BdeEbf,0x71A330C7958F114b61EbF5088e58DFe9c1BdeEbf,0,21702002960501,307453286723900392,0,1643287876
24249251,0xe17f757710B7FE598C9d5850Ae3ccA6eB69e4ccc,0xe17f757710B7FE598C9d5850Ae3ccA6eB69e4ccc,0,19659916924813,275260281655074311,0,1643337992
24331354,0x9BC9255E16206cd4B904eeE3ceA169D098Fb66E2,0xE41fe96c92C05fc4Ba414F5eE68Dd7a173c92E1D,285552978515624992,0,0,20269300647425,1643521190
24345274,0x7aa40e570548e788ec6e0554fAe1C6eE30313202,0xE41fe96c92C05fc4Ba414F5eE68Dd7a173c92E1D,282867431640624992,0,0,19849788693260,1643551442
24360170,0x82f716bC1bCD308287A4eCAa990B8F6612571B7b,0x82f716bC1bCD308287A4eCAa990B8F6612571B7b,1000000000000000,0,0,69773404631,1643584922
24360177,0x82f716bC1bCD308287A4eCAa990B8F6612571B7b,0x82f716bC1bCD308287A4eCAa990B8F6612571B7b,0,69773404631,994009119597924,0,1643584936
24405714,0xA15f3CA5B8B3Bf00f9A8f1d0bB1F007b0B13AF0f,0xE41fe96c92C05fc4Ba414F5eE68Dd7a173c92E1D,284576416015624992,0,0,19743754173966,1643685139
24477248,0xb4E97F759C79B30A50e69B91044B91B6237e56e4,0xE41fe96c92C05fc4Ba414F5eE68Dd7a173c92E1D,365173950195312500,0,0,25009747323258,1643839707
24643392,0x1b02dA8Cb0d097eB8D57A175b88c7D8b47997506,0xc4e595acDD7d12feC385E5dA5D43160e8A0bAC0E,0,1248077999612,18239841857936049,0,1644209740
24660081,0x4CFf3E9409bEB4f824abB6F787C2A4d63C688d69,0x1A9EFC7507D3Bb3206cA5baBb4dF9e168Bd5cDEE,0,30550224083973,442393722510605191,0,1644245827
24669328,0xF5d45c6A35e842BA896d13238Be64dca1E5D7078,0xF5d45c6A35e842BA896d13238Be64dca1E5D7078,0,20042757279001,286035995305894598,0,1644266073
24777653,0xE6652ed0920f6f8F70A4D16a4942B6B7e44E729D,0xE41fe96c92C05fc4Ba414F5eE68Dd7a173c92E1D,288274765308594577,0,0,20078407408081,1644501481
24828568,0x3bCE205149f4fBb83306661EA369C67945325188,0xE41fe96c92C05fc4Ba414F5eE68Dd7a173c92E1D,282989501953124992,0,0,19486607493589,1644616516
24843958,0x284796bfc609bE04fD2834354bD5b6e357FD4330,0xE41fe96c92C05fc4Ba414F5eE68Dd7a173c92E1D,157497556450289085,0,0,10750611245089,1644649787
24926964,0x284796bfc609bE04fD2834354bD5b6e357FD4330,0xE41fe96c92C05fc4Ba414F5eE68Dd7a173c92E1D,212219853940640854,0,0,14380304924834,1644832912
25129205,0xAD6878c9C20D455981cd4526D5b2DfEeEb94192a,0x4d394E7bF612a5ad37Fa63134A228657f5cADF00,0,19965804072214,292417750840886631,0,1645306211
25202314,0xAD6878c9C20D455981cd4526D5b2DfEeEb94192a,0xE41fe96c92C05fc4Ba414F5eE68Dd7a173c92E1D,319368143820442155,0,0,21664548899570,1645467328
25675015,0x1b02dA8Cb0d097eB8D57A175b88c7D8b47997506,0x55986cC9eb57E29875A80a7f70b9aBCEF063cfAf,500000000000000000,0,0,33375603521023,1646632778
25733930,0x0DEF7259736F7d6Af8a2A59E35eC9b1da7e0c820,0x0DEF7259736F7d6Af8a2A59E35eC9b1da7e0c820,0,116844714232430,1698791629397638570,0,1646761438
25733963,0x1b02dA8Cb0d097eB8D57A175b88c7D8b47997506,0x1b02dA8Cb0d097eB8D57A175b88c7D8b47997506,0,200000000000000,2659789787903252583,0,1646761508
25733964,0xdAc9A2E0A1Ac74684D146431999Ad40A768b81b5,0xE41fe96c92C05fc4Ba414F5eE68Dd7a173c92E1D,695267884005879557,0,0,54127176050937,1646761510
25734017,0x5bcb66A3C81892a98907BAC60764645530C75d42,0x5bcb66A3C81892a98907BAC60764645530C75d42,0,55404439234220,707229986462312039,0,1646761620
25734057,0x1b02dA8Cb0d097eB8D57A175b88c7D8b47997506,0x1b02dA8Cb0d097eB8D57A175b88c7D8b47997506,0,90000000000000,1104956700641003089,0,1646761700
25734092,0xB0bF380622D9A46B9FB5f2B4eEcC5735F2E5112e,0xf7FD3EDFcD7c3C51F01e06557Fa18fF7Fb46E0ef,0,39861646693639,472857083571907169,0,1646761774
25775946,0x1b02dA8Cb0d097eB8D57A175b88c7D8b47997506,0x1b02dA8Cb0d097eB8D57A175b88c7D8b47997506,0,1000000000000000000,45039674908260018104,0,1646854074
25775946,0x83a86d0Fe04eF3bC75bA95B06E7c5d22df33C23a,0xE41fe96c92C05fc4Ba414F5eE68Dd7a173c92E1D,84481650897055914,0,0,328106932338252223,1646854074
25817471,0x1b02dA8Cb0d097eB8D57A175b88c7D8b47997506,0x55986cC9eb57E29875A80a7f70b9aBCEF063cfAf,100000000000000000,0,0,188370755920747193,1646969509
25817739,0x78B4733FEF7Ee3a5e233D9D7840ac7Af174CA2Ad,0x78B4733FEF7Ee3a5e233D9D7840ac7Af174CA2Ad,71085142840715890,0,0,80547135992057604,1646970321
25817832,0x1b02dA8Cb0d097eB8D57A175b88c7D8b47997506,0x55986cC9eb57E29875A80a7f70b9aBCEF063cfAf,150000000000000000,0,0,105151883111448260,1646970511
25817860,0x1b02dA8Cb0d097eB8D57A175b88c7D8b47997506,0x55986cC9eb57E29875A80a7f70b9aBCEF063cfAf,250000000000000000,0,0,90777499064638328,1646970571
25849671,0x1b02dA8Cb0d097eB8D57A175b88c7D8b47997506,0xC0b265DDAd9208Bc0227172834FdEb0019dDCbeF,0,62839268824723068,189881840929321520,0,1647056156
25993442,0x1b02dA8Cb0d097eB8D57A175b88c7D8b47997506,0x1b02dA8Cb0d097eB8D57A175b88c7D8b47997506,0,35000000000000000,72267568571739062,0,1647408035
25993483,0x1b02dA8Cb0d097eB8D57A175b88c7D8b47997506,0x1b02dA8Cb0d097eB8D57A175b88c7D8b47997506,0,35000000000000000,57567776307800094,0,1647408121
25993529,0x1b02dA8Cb0d097eB8D57A175b88c7D8b47997506,0x1b02dA8Cb0d097eB8D57A175b88c7D8b47997506,0,40000000000000000,52949141637525645,0,1647408213
25993632,0x1b02dA8Cb0d097eB8D57A175b88c7D8b47997506,0x1b02dA8Cb0d097eB8D57A175b88c7D8b47997506,0,100000000000000000,94119784659536230,0,1647408493
25993650,0x1b02dA8Cb0d097eB8D57A175b88c7D8b47997506,0x1b02dA8Cb0d097eB8D57A175b88c7D8b47997506,0,100000000000000000,61903607779627602,0,1647408565
25995265,0x1b02dA8Cb0d097eB8D57A175b88c7D8b47997506,0xc4A23DBE8D2ba44D0Aac32c750Caf6A54eA611F1,100000000000000000,0,0,145477357903868200,1647412437
26040794,0xe373DF144a70BCCc10190f97bEDE647D1eD6cfc8,0x614eCa453555a473258157542e45cc37Ab6b428A,180000000000000000,0,0,135645633244529569,1647524186
26040804,0x1408558b3a297E1969921BF7b24A794Eb1E22363,0x1408558b3a297E1969921BF7b24A794Eb1E22363,0,144503107108279982,187184430058253889,0,1647524206
26040813,0xe373DF144a70BCCc10190f97bEDE647D1eD6cfc8,0x614eCa453555a473258157542e45cc37Ab6b428A,120000000000000000,0,0,104312929910032768,1647524224
26040815,0x24bACeE5ba8Dc1a0F6f719884044363dbabB30b7,0x24bACeE5ba8Dc1a0F6f719884044363dbabB30b7,0,139756765842194501,148305346082158574,0,1647524228
26040895,0xe373DF144a70BCCc10190f97bEDE647D1eD6cfc8,0x614eCa453555a473258157542e45cc37Ab6b428A,139235466253883133,0,0,132995935218297242,1647524392
26040896,0x24bACeE5ba8Dc1a0F6f719884044363dbabB30b7,0x24bACeE5ba8Dc1a0F6f719884044363dbabB30b7,0,132123390740844632,137970132794557351,0,1647524398
26140767,0x1b02dA8Cb0d097eB8D57A175b88c7D8b47997506,0x1b02dA8Cb0d097eB8D57A175b88c7D8b47997506,0,3000000000000000000,315337263818012144,0,1647761805
26140767,0x65b09b12bF46f364F68F5bFF0bfC5d8b54368971,0x0CC5cB9dffC33748f1AF9Cc4E09FEDB617D443bD,205243018957056500,0,0,2789423047434174228,1647761805
26140767,0x139B341c75D016a2df262F9babb4F8C794484D41,0xE41fe96c92C05fc4Ba414F5eE68Dd7a173c92E1D,226305790855855489,0,0,324281463197113841,1647761805
26140769,0x171CBC5217584f1BcEaA696fbF06986F9a4065E0,0x171CBC5217584f1BcEaA696fbF06986F9a4065E0,0,231850156537464050,186092783877048463,0,1647761809
26140790,0x1b02dA8Cb0d097eB8D57A175b88c7D8b47997506,0x1b02dA8Cb0d097eB8D57A175b88c7D8b47997506,0,5000000000000000000,264421878843860883,0,1647761851
26140790,0x65b09b12bF46f364F68F5bFF0bfC5d8b54368971,0xE41fe96c92C05fc4Ba414F5eE68Dd7a173c92E1D,201950806121607100,0,0,4835684030927108784,1647761851
26218250,0x05a0726F7B585a1A060a6Df44DE62b2c10728F99,0x05a0726F7B585a1A060a6Df44DE62b2c10728F99,60000000000000000,0,0,155697152698167298,1647933920
26255179,0x171CBC5217584f1BcEaA696fbF06986F9a4065E0,0x171CBC5217584f1BcEaA696fbF06986F9a4065E0,0,202333068980484869,73146111420719011,0,1648014095
26284423,0x139B341c75D016a2df262F9babb4F8C794484D41,0x139B341c75D016a2df262F9babb4F8C794484D41,0,300768086409070620,59566390443452710,0,1648077605
26397522,0x1b02dA8Cb0d097eB8D57A175b88c7D8b47997506,0x1b02dA8Cb0d097eB8D57A175b88c7D8b47997506,0,100000000000000000,13256789793232280,0,1648330197
26397575,0x1b02dA8Cb0d097eB8D57A175b88c7D8b47997506,0x1b02dA8Cb0d097eB8D57A175b88c7D8b47997506,0,200000000000000000,20887433411590571,0,1648330307
26397632,0x1b02dA8Cb0d097eB8D57A175b88c7D8b47997506,0x1b02dA8Cb0d097eB8D57A175b88c7D8b47997506,0,200000000000000000,15708822948818573,0,1648330425
26397717,0x1b02dA8Cb0d097eB8D57A175b88c7D8b47997506,0x1b02dA8Cb0d097eB8D57A175b88c7D8b47997506,0,200000000000000000,12244270238740764,0,1648330643
26528630,0x3A7d3e02c872D365f7F598bfbed6FD406E970250,0x0CC5cB9dffC33748f1AF9Cc4E09FEDB617D443bD,39943249682228045,0,0,519824473547172295,1648621389
26555611,0x139B341c75D016a2df262F9babb4F8C794484D41,0xE41fe96c92C05fc4Ba414F5eE68Dd7a173c92E1D,127416146230178458,0,0,617038121537456787,1648680670
26572637,0x139B341c75D016a2df262F9babb4F8C794484D41,0xE41fe96c92C05fc4Ba414F5eE68Dd7a173c92E1D,162201282608469171,0,0,254900632611081626,1648719040
26628821,0x1b02dA8Cb0d097eB8D57A175b88c7D8b47997506,0x1b02dA8Cb0d097eB8D57A175b88c7D8b47997506,0,50000000000000000,45486225696534664,0,1648843860
26628856,0xAD6878c9C20D455981cd4526D5b2DfEeEb94192a,0xE41fe96c92C05fc4Ba414F5eE68Dd7a173c92E1D,153408161374724401,0,0,181261395937923678,1648844000
26645141,0xE69a8e4dF9bEc4E76259704B748f5DE074516a70,0xE69a8e4dF9bEc4E76259704B748f5DE074516a70,0,620876890400016098,483040696383843813,0,1648880100
26645144,0xAD6878c9C20D455981cd4526D5b2DfEeEb94192a,0xE41fe96c92C05fc4Ba414F5eE68Dd7a173c92E1D,205847237862616514,0,0,280247419737409492,1648880112
26645169,0x1045E66149da028a0F625624a878C6B0765712Ee,0x1045E66149da028a0F625624a878C6B0765712Ee,0,704658038774184220,479722290205259664,0,1648880212
26645251,0x87cD25BDE5C31a012f198EAF192355542240B274,0xf7FD3EDFcD7c3C51F01e06557Fa18fF7Fb46E0ef,0,522629511843740792,291293435095788051,0,1648880412
26645252,0x1fa8feC0B6d8d04293693f80085aD83707890c41,0x0CC5cB9dffC33748f1AF9Cc4E09FEDB617D443bD,183868911138148710,0,0,337637339976203795,1648880414
26645304,0x1fa8feC0B6d8d04293693f80085aD83707890c41,0x1fa8feC0B6d8d04293693f80085aD83707890c41,0,747346230175380363,381614392739844408,0,1648880518
26655604,0xAD6878c9C20D455981cd4526D5b2DfEeEb94192a,0xE41fe96c92C05fc4Ba414F5eE68Dd7a173c92E1D,147000261769010101,0,0,305823328194818623,1648902501
26671686,0x171CBC5217584f1BcEaA696fbF06986F9a4065E0,0x171CBC5217584f1BcEaA696fbF06986F9a4065E0,0,808969723207343621,361340723759358992,0,1648937737
26671693,0xAD6878c9C20D455981cd4526D5b2DfEeEb94192a,0xE41fe96c92C05fc4Ba414F5eE68Dd7a173c92E1D,138523480467887093,0,0,329782246396927135,1648937751
26678729,0x1b02dA8Cb0d097eB8D57A175b88c7D8b47997506,0xdB6f1920A889355780aF7570773609Bd8Cb1f498,153846153846153845,0,0,334517155907487332,1648952892
26697088,0x171CBC5217584f1BcEaA696fbF06986F9a4065E0,0x171CBC5217584f1BcEaA696fbF06986F9a4065E0,0,1026757139390036125,429179708413395724,0,1648992029
26704204,0x58a52f935Fd34063491beBcDfB146FFF38b0388E,0x0CC5cB9dffC33748f1AF9Cc4E09FEDB617D443bD,134335841541725737,0,0,350279943941679386,1649008021
26721247,0xa4399d9e52135ba39AC219Ec3c328f90af270EF4,0xa4399d9e52135ba39AC219Ec3c328f90af270EF4,0,870755934536222660,311891332624826843,0,1649046451
26721862,0x4CFf3E9409bEB4f824abB6F787C2A4d63C688d69,0x1A9EFC7507D3Bb3206cA5baBb4dF9e168Bd5cDEE,0,1497597042148793182,410261052776152970,0,1649047977
26734703,0x3A7d3e02c872D365f7F598bfbed6FD406E970250,0xE41fe96c92C05fc4Ba414F5eE68Dd7a173c92E1D,231449203127668317,0,0,898589971235939849,1649077328
26747093,0x1b02dA8Cb0d097eB8D57A175b88c7D8b47997506,0xdB6f1920A889355780aF7570773609Bd8Cb1f498,122000000000000000,0,0,411823183221401821,1649104393
26783905,0x353B7a9c1AeDaD804D0c32dAF2373C82bff2BB55,0x353B7a9c1AeDaD804D0c32dAF2373C82bff2BB55,0,1052168372737123976,289713343533454599,0,1649184495
26789889,0x65b09b12bF46f364F68F5bFF0bfC5d8b54368971,0x0CC5cB9dffC33748f1AF9Cc4E09FEDB617D443bD,89017981932669900,0,0,347257464379766196,1649197554
26789889,0x139B341c75D016a2df262F9babb4F8C794484D41,0x5ea6459A87ABa0139653e6eae79433c0cfaaAc34,0,13192817604493969609,1457268299183660488,0,1649197554
26789889,0x65b09b12bF46f364F68F5bFF0bfC5d8b54368971,0x0CC5cB9dffC33748f1AF9Cc4E09FEDB617D443bD,220510209867234500,0,0,3929454514622268128,1649197554
26789907,0x65b09b12bF46f364F68F5bFF0bfC5d8b54368971,0xE41fe96c92C05fc4Ba414F5eE68Dd7a173c92E1D,91616860502932500,0,0,1257922278741384178,1649197590
26789907,0x1b02dA8Cb0d097eB8D57A175b88c7D8b47997506,0x1b02dA8Cb0d097eB8D57A175b88c7D8b47997506,0,50000000000000000000,1006641845809865282,0,1649197590
26789907,0xAD6878c9C20D455981cd4526D5b2DfEeEb94192a,0xE41fe96c92C05fc4Ba414F5eE68Dd7a173c92E1D,419614844769814912,0,0,36609781187664005173,1649197590
26789907,0x84E5Bc3dF0df0f543648f250443c6f4077218312,0x84E5Bc3dF0df0f543648f250443c6f4077218312,345440933000000000,0,0,9514892372491398798,1649197590
26789910,0x171CBC5217584f1BcEaA696fbF06986F9a4065E0,0x171CBC5217584f1BcEaA696fbF06986F9a4065E0,0,5117205099857809944,215699587188010745,0,1649197596
26789935,0xd8DDa1fDF4873B37F493E7C88E771610fA7C1d75,0xd8DDa1fDF4873B37F493E7C88E771610fA7C1d75,0,136099552614154470143,754736444946187999,0,1649197646
26789935,0x65b09b12bF46f364F68F5bFF0bfC5d8b54368971,0x0CC5cB9dffC33748f1AF9Cc4E09FEDB617D443bD,51534850140073600,0,0,42076543442180301976,1649197646
26789953,0x65b09b12bF46f364F68F5bFF0bfC5d8b54368971,0xE41fe96c92C05fc4Ba414F5eE68Dd7a173c92E1D,25529913710288500,0,0,13683313571787480020,1649197686
26789953,0xE3652A7636505735957f64c8737A1Df0321770DA,0x101640e107C4a72DeC79826768C239F1eB48cc85,0,6654184481092231168,13112247749803368,0,1649197686
26789962,0x1b02dA8Cb0d097eB8D57A175b88c7D8b47997506,0x1b02dA8Cb0d097eB8D57A175b88c7D8b47997506,0,500000000000000000000,171934872909524392,0,1649197704
26789962,0xF5Fa9aB64e62736a3ae9f6068eAC3B7e0A9E62da,0xE41fe96c92C05fc4Ba414F5eE68Dd7a173c92E1D,58985783928654312,0,0,368362930626769516225,1649197704
26789990,0x804CE29Aae93007D5c3A83A446f5eaa2DDd5Cf28,0x196A24963Da32A307634b1A8413d0B84573b3D37,0,1320581297077414474313,82715559379441786,0,1649197760
26789996,0xAD6878c9C20D455981cd4526D5b2DfEeEb94192a,0xE41fe96c92C05fc4Ba414F5eE68Dd7a173c92E1D,17313006170878836,0,0,827515409231184718052,1649197772
26790014,0x1b02dA8Cb0d097eB8D57A175b88c7D8b47997506,0x1b02dA8Cb0d097eB8D57A175b88c7D8b47997506,0,5000000000000000000000,28491131070985523,0,1649197808
26790014,0x45bDE4eeDB34B7CEf2Cc149137041dB85Ac2e2b1,0x45bDE4eeDB34B7CEf2Cc149137041dB85Ac2e2b1,37723843555328774,0,0,5159415503785869574662,1649197808
26790015,0x1fa8feC0B6d8d04293693f80085aD83707890c41,0x1fa8feC0B6d8d04293693f80085aD83707890c41,0,685355422751732118366,22708960080890722,0,1649197810
26790016,0x171CBC5217584f1BcEaA696fbF06986F9a4065E0,0x171CBC5217584f1BcEaA696fbF06986F9a4065E0,0,1546604177841874394617,10569170616964074,0,1649197816
26790145,0x139B341c75D016a2df262F9babb4F8C794484D41,0xE41fe96c92C05fc4Ba414F5eE68Dd7a173c92E1D,1379893563640287491,0,0,350115495936435991504825,1649198082
26790145,0x1fa8feC0B6d8d04293693f80085aD83707890c41,0x0CC5cB9dffC33748f1AF9Cc4E09FEDB617D443bD,460728379160780486,0,0,85501743323817197010213,1649198082
26790148,0x3A7d3e02c872D365f7F598bfbed6FD406E970250,0x3A7d3e02c872D365f7F598bfbed6FD406E970250,0,49707130862753178726452,274024394209157185,0,1649198088
26791087,0xd50fb0155871CC2e36939f74E9c9c94463F1c60D,0x0CC5cB9dffC33748f1AF9Cc4E09FEDB617D443bD,171998214721679687,0,0,31488145599357028316473,1649200131
26792240,0xAD6878c9C20D455981cd4526D5b2DfEeEb94192a,0xE41fe96c92C05fc4Ba414F5eE68Dd7a173c92E1D,228487911419883094,0,0,39432228588319049851758,1649202509
26792403,0x1fa8feC0B6d8d04293693f80085aD83707890c41,0x0CC5cB9dffC33748f1AF9Cc4E09FEDB617D443bD,245618015814138392,0,0,39609624435792689503051,1649202847
26792477,0x1fa8feC0B6d8d04293693f80085aD83707890c41,0x0CC5cB9dffC33748f1AF9Cc4E09FEDB617D443bD,259646265200428401,0,0,39047948709124484856703,1649202999
26795238,0xc899aB716F2a04241D60C751141C455745DDeF8B,0xE41fe96c92C05fc4Ba414F5eE68Dd7a173c92E1D,275168667125943520,0,0,38532995853302059764163,1649208963
26797065,0x1fa8feC0B6d8d04293693f80085aD83707890c41,0x0CC5cB9dffC33748f1AF9Cc4E09FEDB617D443bD,233957078255153187,0,0,30677094371358606444224,1649212921
26797090,0xAD6878c9C20D455981cd4526D5b2DfEeEb94192a,0xE41fe96c92C05fc4Ba414F5eE68Dd7a173c92E1D,244600306595369950,0,0,30211470299402062711222,1649212971
26822802,0x65b09b12bF46f364F68F5bFF0bfC5d8b54368971,0x0CC5cB9dffC33748f1AF9Cc4E09FEDB617D443bD,4640844386092034000,0,0,356097663901276331959309,1649269354
26822804,0x0813728714998284B3866ee3b032cd499158853E,0x0813728714998284B3866ee3b032cd499158853E,0,108601148619936672393200,1878755306444920735,0,1649269358
26822823,0x3A7d3e02c872D365f7F598bfbed6FD406E970250,0x3A7d3e02c872D365f7F598bfbed6FD406E970250,0,23632744347372168518119,338290663148235478,0,1649269396
26823908,0x1b02dA8Cb0d097eB8D57A175b88c7D8b47997506,0x625B8D9D19D4586D1c7FA8aB738876B8b11B0aa5,479233229438185549,0,0,32864483658205649908207,1649271634
26823911,0x171CBC5217584f1BcEaA696fbF06986F9a4065E0,0x171CBC5217584f1BcEaA696fbF06986F9a4065E0,0,29707941418941179717264,432497043773085314,0,1649271640
26829197,0x1b02dA8Cb0d097eB8D57A175b88c7D8b47997506,0xdB6f1920A889355780aF7570773609Bd8Cb1f498,5718750000000000000,0,0,265096615498174206045731,1649283254
26829988,0x1Be9b835f34B6D01Ad1AB8BEB5e40A9c4f160D82,0xE41fe96c92C05fc4Ba414F5eE68Dd7a173c92E1D,656635881601154816,0,0,19079671868140063539885,1649285012
26830697,0x53c427619c266a4A267b32a0Ef0E59AcaaC605cd,0x53c427619c266a4A267b32a0Ef0E59AcaaC605cd,0,16475006866335795310563,566684952093655790,0,1649286485
26830698,0xB0bF380622D9A46B9FB5f2B4eEcC5735F2E5112e,0xf7FD3EDFcD7c3C51F01e06557Fa18fF7Fb46E0ef,0,14312190253148214238868,462580109053465358,0,1649286487
26830706,0x87cD25BDE5C31a012f198EAF192355542240B274,0x0CC5cB9dffC33748f1AF9Cc4E09FEDB617D443bD,417724816941565120,0,0,12883997408213646234906,1649286503
26830721,0x58a52f935Fd34063491beBcDfB146FFF38b0388E,0x0CC5cB9dffC33748f1AF9Cc4E09FEDB617D443bD,565135997154567595,0,0,16426542636377566568854,1649286537
26896653,0x2Cf52f3CD05A9E7E453ac224D534696337443607,0x2Cf52f3CD05A9E7E453ac224D534696337443607,0,34669105795334014519726,1143936695526824503,0,1649434557
26896654,0x1fa8feC0B6d8d04293693f80085aD83707890c41,0x0CC5cB9dffC33748f1AF9Cc4E09FEDB617D443bD,331876895302689043,0,0,10501126995923079469597,1649434559
26896843,0x1b02dA8Cb0d097eB8D57A175b88c7D8b47997506,0x7A744Cc8999f260A38e3be3A25009CDB36652Fcc,0,31495824999999997923077,950885244318513745,0,1649434949
26896843,0x1fa8feC0B6d8d04293693f80085aD83707890c41,0x0CC5cB9dffC33748f1AF9Cc4E09FEDB617D443bD,581402455941414625,0,0,19593971892395190257462,1649434949
26897229,0x1b02dA8Cb0d097eB8D57A175b88c7D8b47997506,0x7A744Cc8999f260A38e3be3A25009CDB36652Fcc,0,38125285495250000000000,1087248009147648655,0,1649435745
26897231,0x2Cf52f3CD05A9E7E453ac224D534696337443607,0x0CC5cB9dffC33748f1AF9Cc4E09FEDB617D443bD,446834627545955459,0,0,16235222231563871469572,1649435749
26908880,0x1b02dA8Cb0d097eB8D57A175b88c7D8b47997506,0xdB6f1920A889355780aF7570773609Bd8Cb1f498,0,266018652067257753176441,5022419031202169142,0,1649462755
26910604,0x1b02dA8Cb0d097eB8D57A175b88c7D8b47997506,0xdB6f1920A889355780aF7570773609Bd8Cb1f498,67600590187638569,0,0,5283648559114933077481,1649466569
26914173,0x1fa8feC0B6d8d04293693f80085aD83707890c41,0x0CC5cB9dffC33748f1AF9Cc4E09FEDB617D443bD,422033521091084529,0,0,31477443147969390192231,1649474578
26914193,0xbA704f21Dd900d675941D0a7E2256F029135cBB0,0xE41fe96c92C05fc4Ba414F5eE68Dd7a173c92E1D,474654060366518080,0,0,32560319855530222870479,1649474622
26934156,0x8cd31B315bfBcb24E046F85EC1d6848B8bF643b4,0x8cd31B315bfBcb24E046F85EC1d6848B8bF643b4,0,77520398108039174332652,1061564912891675687,0,1649518366
26952431,0x171CBC5217584f1BcEaA696fbF06986F9a4065E0,0x0CC5cB9dffC33748f1AF9Cc4E09FEDB617D443bD,849935270093520896,0,0,62920226069699013719230,1649558730
26952437,0x58a52f935Fd34063491beBcDfB146FFF38b0388E,0x58a52f935Fd34063491beBcDfB146FFF38b0388E,0,18995533028831797998382,269720092065107777,0,1649558754
26957877,0xDEF171Fe48CF0115B1d80b88dc8eAB59176FEe57,0xDEF171Fe48CF0115B1d80b88dc8eAB59176FEe57,0,39451750000000000000000,519727922112455964,0,1649570765
26957881,0x58a52f935Fd34063491beBcDfB146FFF38b0388E,0x58a52f935Fd34063491beBcDfB146FFF38b0388E,271844420028512338,0,0,21004112639582407352767,1649570773
26972431,0x1b02dA8Cb0d097eB8D57A175b88c7D8b47997506,0x7A744Cc8999f260A38e3be3A25009CDB36652Fcc,0,106750000000696843622705,1242090531263757911,0,1649603026
26972432,0x4CFf3E9409bEB4f824abB6F787C2A4d63C688d69,0x0CC5cB9dffC33748f1AF9Cc4E09FEDB617D443bD,793915248908113650,0,0,70912419007120142707648,1649603028
26972432,0x53c427619c266a4A267b32a0Ef0E59AcaaC605cd,0x53c427619c266a4A267b32a0Ef0E59AcaaC605cd,0,74585773129710465365851,827043846700013360,0,1649603028
26972432,0x53c427619c266a4A267b32a0Ef0E59AcaaC605cd,0x0CC5cB9dffC33748f1AF9Cc4E09FEDB617D443bD,498710433465226944,0,0,46246080057913379506760,1649603028
26972434,0x24bACeE5ba8Dc1a0F6f719884044363dbabB30b7,0x24bACeE5ba8Dc1a0F6f719884044363dbabB30b7,0,30338972591296162576646,331165699910731121,0,1649603032
26975683,0xf3938337F7294fEf84e9B2c6D548A93F956Cc281,0xDEF171Fe48CF0115B1d80b88dc8eAB59176FEe57,3084968250000000000,0,0,218737040267637099668886,1649610013
26976087,0x1b02dA8Cb0d097eB8D57A175b88c7D8b47997506,0xdB6f1920A889355780aF7570773609Bd8Cb1f498,3202500000000000000,0,0,135662635284022615350288,1649611013
26978273,0x53c427619c266a4A267b32a0Ef0E59AcaaC605cd,0x53c427619c266a4A267b32a0Ef0E59AcaaC605cd,0,19337181009942810958568,550761531097917276,0,1649615730
26983361,0x1b02dA8Cb0d097eB8D57A175b88c7D8b47997506,0xdB6f1920A889355780aF7570773609Bd8Cb1f498,0,262664443388382249332759,4878024889279328334,0,1649626801
26983902,0x1b02dA8Cb0d097eB8D57A175b88c7D8b47997506,0xdB6f1920A889355780aF7570773609Bd8Cb1f498,66317579400339878,0,0,5222315617117582063257,1649628043
26984418,0x1fa8feC0B6d8d04293693f80085aD83707890c41,0x0CC5cB9dffC33748f1AF9Cc4E09FEDB617D443bD,298449045539917096,0,0,22690619322543031313263,1649629107
26989767,0x88b20F1462b1Ced77e8C867bA8a2E6060fD0D5Cb,0xE41fe96c92C05fc4Ba414F5eE68Dd7a173c92E1D,536416562429973696,0,0,37714655620691765617695,1649640435
27018956,0x6413ea8200fcB57d8Cb264D797B518469cD788b9,0xae0a1d598ef19638f4B9fb669903a7dB2E9857Ed,26015940589737365,0,0,1736498855050977899012,1649703118
27019202,0x383E79486D3EcDCdDc85ce59c4AAc7F1a6637AE8,0xae0a1d598ef19638f4B9fb669903a7dB2E9857Ed,28581847773923720,0,0,1898424326297172264741,1649703626
27025711,0x1fa8feC0B6d8d04293693f80085aD83707890c41,0x0CC5cB9dffC33748f1AF9Cc4E09FEDB617D443bD,281527333524845446,0,0,18192492829649047848449,1649718328
27034756,0x4CFf3E9409bEB4f824abB6F787C2A4d63C688d69,0x1A9EFC7507D3Bb3206cA5baBb4dF9e168Bd5cDEE,0,170356813865891213360735,2174782140050782100,0,1649737887
27034756,0x84E5Bc3dF0df0f543648f250443c6f4077218312,0x84E5Bc3dF0df0f543648f250443c6f4077218312,1934954572000000000,0,0,154064499181774670810548,1649737887
27048573,0x58a52f935Fd34063491beBcDfB146FFF38b0388E,0xf7bC741b2086Ca344e78225D06224ffDCd86D110,0,17895416337891262773379,263820933130594806,0,1649768475
27051402,0x9987b7579ff17cfe9806Ff647DD204fD25Ee7529,0xae0a1d598ef19638f4B9fb669903a7dB2E9857Ed,972545419954141,0,0,67158710977430774473,1649774585
27230265,0x53c427619c266a4A267b32a0Ef0E59AcaaC605cd,0xE41fe96c92C05fc4Ba414F5eE68Dd7a173c92E1D,552221501117322944,0,0,36298349994285957491496,1650167318
27230275,0x884C69809113Fb636eC7dDFF490591225Fc9f773,0x884C69809113Fb636eC7dDFF490591225Fc9f773,0,14630717395302101439537,227827737587219438,0,1650167342
27231106,0x667127d30D2112966503C0ce34071e23f982F18e,0x0CC5cB9dffC33748f1AF9Cc4E09FEDB617D443bD,650951642381882532,0,0,40082348963609225574066,1650169184
27233455,0x884C69809113Fb636eC7dDFF490591225Fc9f773,0x884C69809113Fb636eC7dDFF490591225Fc9f773,0,12296697286342032347340,206361620353625465,0,1650174541
27251290,0x1b02dA8Cb0d097eB8D57A175b88c7D8b47997506,0xdB6f1920A889355780aF7570773609Bd8Cb1f498,0,5172315617117582063257,84671352265597741,0,1650213062
27280494,0x1b02dA8Cb0d097eB8D57A175b88c7D8b47997506,0xdB6f1920A889355780aF7570773609Bd8Cb1f498,3660000000000000000,0,0,170278386732061412591305,1650276669
27280494,0xbA4f22820752AEd949b02E895855e7fbc9Ed8832,0xbA4f22820752AEd949b02E895855e7fbc9Ed8832,0,3462176630755029349786,96703399020786059,0,1650276669
27281204,0x1b02dA8Cb0d097eB8D57A175b88c7D8b47997506,0xdB6f1920A889355780aF7570773609Bd8Cb1f498,5718750000000000000,0,0,148835495881899105944880,1650278389
27281204,0xbA4f22820752AEd949b02E895855e7fbc9Ed8832,0xbA4f22820752AEd949b02E895855e7fbc9Ed8832,0,4726626993942015677174,245705097789144477,0,1650278389
27281248,0x1b02dA8Cb0d097eB8D57A175b88c7D8b47997506,0xdB6f1920A889355780aF7570773609Bd8Cb1f498,709125000000000000,0,0,13267040456148977680916,1650278481
27288442,0x884C69809113Fb636eC7dDFF490591225Fc9f773,0x884C69809113Fb636eC7dDFF490591225Fc9f773,0,8049367193926034829328,433378058005940738,0,1650293875
27296281,0x1b02dA8Cb0d097eB8D57A175b88c7D8b47997506,0xbd3933b6056f380Ae391660C715c2F85F0674f74,1000000000000000,0,0,18845226636252932347,1650311038
27314155,0x884C69809113Fb636eC7dDFF490591225Fc9f773,0xae0a1d598ef19638f4B9fb669903a7dB2E9857Ed,1495772631747997,0,0,28184815725292656074,1650350753
27323343,0x53c427619c266a4A267b32a0Ef0E59AcaaC605cd,0x53c427619c266a4A267b32a0Ef0E59AcaaC605cd,0,46024690838336491265921,2175456729942965765,0,1650371168
27323345,0x884C69809113Fb636eC7dDFF490591225Fc9f773,0xE41fe96c92C05fc4Ba414F5eE68Dd7a173c92E1D,856682333776645023,0,0,19236968904054639036813,1650371172
27323392,0x53c427619c266a4A267b32a0Ef0E59AcaaC605cd,0x53c427619c266a4A267b32a0Ef0E59AcaaC605cd,0,16716431191500153241543,744409663342586211,0,1650371270
27384169,0x1b02dA8Cb0d097eB8D57A175b88c7D8b47997506,0xdB6f1920A889355780aF7570773609Bd8Cb1f498,1215446418656421,0,0,28203532474808315542,1650506721
27419688,0x884C69809113Fb636eC7dDFF490591225Fc9f773,0x0CC5cB9dffC33748f1AF9Cc4E09FEDB617D443bD,296730472849139167,0,0,6778566531100048833177,1650582617
27431561,0x884C69809113Fb636eC7dDFF490591225Fc9f773,0x884C69809113Fb636eC7dDFF490591225Fc9f773,0,6934924263230076423753,301677087925652687,0,1650607898
27468478,0xA7908Aaa99C4958CeF959611E698aFAeEd30106c,0x0CC5cB9dffC33748f1AF9Cc4E09FEDB617D443bD,300170238687079361,0,0,6860133228643678667221,1650689059
