block_number,sender,amount0,amount1,timestamps
21151328,0x1b02dA8Cb0d097eB8D57A175b88c7D8b47997506,108647075385348074,1105103462451851262,1636423778
