block_number,from,to,value,timestamps
26555602,0x0000000000000000000000000000000000000000,0x66A0E375d049372AD7Db765e99256589297DE084,60000000000000000000000000,1648680652
26556274,0x66A0E375d049372AD7Db765e99256589297DE084,0xBC01F096f3e8AaFb21f6752F4E62183C8c090e0D,2827757222502118037852792,1648682266
26556914,0xBC01F096f3e8AaFb21f6752F4E62183C8c090e0D,0x66A0E375d049372AD7Db765e99256589297DE084,149519274871532577525862,1648683868
26571969,0xBC01F096f3e8AaFb21f6752F4E62183C8c090e0D,0xd6aaB0F9aE043D3651Ad2d31c0ecCA310a9C0BEE,171186811720662265225,1648717604
26600365,0x66A0E375d049372AD7Db765e99256589297DE084,0xBC01F096f3e8AaFb21f6752F4E62183C8c090e0D,1950430801498879018178003,1648780778
26600407,0xBC01F096f3e8AaFb21f6752F4E62183C8c090e0D,0x66A0E375d049372AD7Db765e99256589297DE084,14112296177378745907914,1648780866
27335192,0xBC01F096f3e8AaFb21f6752F4E62183C8c090e0D,0x797E3bAFfE6080e3a3EaC3F5D1ef6a18379F7863,6326536187673684133837,1650397150
27335790,0xBC01F096f3e8AaFb21f6752F4E62183C8c090e0D,0x797E3bAFfE6080e3a3EaC3F5D1ef6a18379F7863,597968788307665811360,1650398382
27335806,0xBC01F096f3e8AaFb21f6752F4E62183C8c090e0D,0x797E3bAFfE6080e3a3EaC3F5D1ef6a18379F7863,657765169239655491932,1650398414
27336120,0xBC01F096f3e8AaFb21f6752F4E62183C8c090e0D,0x797E3bAFfE6080e3a3EaC3F5D1ef6a18379F7863,4544545099615964590532,1650399086
27336441,0x797E3bAFfE6080e3a3EaC3F5D1ef6a18379F7863,0xBC01F096f3e8AaFb21f6752F4E62183C8c090e0D,5120000000000000000000,1650399748
27336529,0xBC01F096f3e8AaFb21f6752F4E62183C8c090e0D,0x797E3bAFfE6080e3a3EaC3F5D1ef6a18379F7863,11062343525311228711066,1650399932
27337373,0x797E3bAFfE6080e3a3EaC3F5D1ef6a18379F7863,0x222a0B07a86B72d72237528815E53a602dC4cD1a,8000000000000000000,1650401800
27337373,0x797E3bAFfE6080e3a3EaC3F5D1ef6a18379F7863,0xd12bcdFB9A39BE79DA3bDF02557EFdcD5CA59e77,7992000000000000000000,1650401800
27337373,0xd12bcdFB9A39BE79DA3bDF02557EFdcD5CA59e77,0xBC01F096f3e8AaFb21f6752F4E62183C8c090e0D,7992000000000000000000,1650401800
27337722,0xBC01F096f3e8AaFb21f6752F4E62183C8c090e0D,0xC36442b4a4522E871399CD717aBDD847Ab11FE88,39335999999999999999,1650402518
27337722,0xC36442b4a4522E871399CD717aBDD847Ab11FE88,0x66A0E375d049372AD7Db765e99256589297DE084,39335999999999999999,1650402518
27345094,0x66A0E375d049372AD7Db765e99256589297DE084,0x000000000000000000000000000000000000dEaD,3333334000000000000000000,1650419307
27345212,0x66A0E375d049372AD7Db765e99256589297DE084,0x797E3bAFfE6080e3a3EaC3F5D1ef6a18379F7863,2000000000000000000000000,1650419547
27345454,0x66A0E375d049372AD7Db765e99256589297DE084,0xE718325723E43430DcdE5167bbD65fa8fFFFA769,10000000000000000000000,1650420269
27363669,0x66A0E375d049372AD7Db765e99256589297DE084,0x683eE1Bc05F0E4c142d49cF7ea2b9D9E5446a951,1000000000000000000000,1650461811
27409222,0x66A0E375d049372AD7Db765e99256589297DE084,0x29A22C7818E981572E34E0fA064c960e484f5377,1000000000000000000000,1650560745
27409240,0x66A0E375d049372AD7Db765e99256589297DE084,0xC4C5c55Ec68FF7BcD10b08bff079a955628537BC,1000000000000000000000,1650560781
27409259,0x66A0E375d049372AD7Db765e99256589297DE084,0x5e2D358fD9FEcF2d77b0C006C175cFC72c4e36b6,1000000000000000000000,1650560819
27409274,0x66A0E375d049372AD7Db765e99256589297DE084,0x220DBbD809FfE1eA3a9C1dbA86B039EF91dfBe60,1000000000000000000000,1650560849
27409287,0x66A0E375d049372AD7Db765e99256589297DE084,0xc80701890DA0A5Ae07d25bE4b489c6BB14a8AB16,1000000000000000000000,1650560879
27409446,0x66A0E375d049372AD7Db765e99256589297DE084,0x80CBB6203454164cB668d36dE448d95bAED75144,1000000000000000000000,1650561411
27409463,0x66A0E375d049372AD7Db765e99256589297DE084,0x2f3FCbdf1bAB2928b28EC13FC1521E4f1fF247cB,1000000000000000000000,1650561479
27409600,0x797E3bAFfE6080e3a3EaC3F5D1ef6a18379F7863,0xBC01F096f3e8AaFb21f6752F4E62183C8c090e0D,9999000000000000000000,1650561785
27409638,0x66A0E375d049372AD7Db765e99256589297DE084,0x39623abfc2843b0038CFecC99468195561BC356C,1000000000000000000000,1650561861
27409806,0x66A0E375d049372AD7Db765e99256589297DE084,0x91F86BddC03053c169CDED362A0220174349D5Dc,1000000000000000000000,1650562210
27409933,0x66A0E375d049372AD7Db765e99256589297DE084,0xbe5061d52175f108551863c5483534eC149f8006,1000000000000000000000,1650562472
27410340,0x66A0E375d049372AD7Db765e99256589297DE084,0xEa17c92DaF412BBB26c60Bc7a673C65Dd34cA682,1000000000000000000000,1650563310
27410367,0x66A0E375d049372AD7Db765e99256589297DE084,0x0000000aF5c1cfF07CAc029681d3703CE06C20e9,1000000000000000000000,1650563364
27410755,0x66A0E375d049372AD7Db765e99256589297DE084,0x1CAe5293069fb4Afb9C018870401E4541980c093,1000000000000000000000,1650564170
27411422,0xBC01F096f3e8AaFb21f6752F4E62183C8c090e0D,0x797E3bAFfE6080e3a3EaC3F5D1ef6a18379F7863,2989861903378431289884,1650565563
27412776,0x66A0E375d049372AD7Db765e99256589297DE084,0x90E1216e5AF6d37a6bD43D481547468c8E03c805,1000000000000000000000,1650568356
27418341,0x66A0E375d049372AD7Db765e99256589297DE084,0xCF08f1E58423E0b485aA68573672cE7AB951ED50,1000000000000000000000,1650579839
27418359,0x66A0E375d049372AD7Db765e99256589297DE084,0x053f2618512187B4e26F4b8F489A6079Bb558bE5,1000000000000000000000,1650579875
27418383,0x66A0E375d049372AD7Db765e99256589297DE084,0xAFB0531FaA7Ca1244FDFFb140387B9EBF0ab0334,1000000000000000000000,1650579927
27418416,0x66A0E375d049372AD7Db765e99256589297DE084,0xBB0DA92692EfAF7bd96333E09D168965A190a19e,1000000000000000000000,1650579993
27422665,0x66A0E375d049372AD7Db765e99256589297DE084,0x6976214cA231A2dBC9e560C95FCD3B767b146299,1000000000000000000000,1650589149
27422700,0x66A0E375d049372AD7Db765e99256589297DE084,0xb3f30a32cF939b4215c501CD37D7AD50Ed174E03,1000000000000000000000,1650589219
27422802,0xbe5061d52175f108551863c5483534eC149f8006,0x6976214cA231A2dBC9e560C95FCD3B767b146299,1000000000000000000000,1650589431
27423125,0x66A0E375d049372AD7Db765e99256589297DE084,0xca386Be3B6D2f2EAbcAC1EB3932435A9d5445d71,1000000000000000000000,1650590097
27443201,0x66A0E375d049372AD7Db765e99256589297DE084,0xe6a68eb195F8896576C16E9601d3D6c4B085ae1A,200000000000000000000,1650633107
27465165,0xBC01F096f3e8AaFb21f6752F4E62183C8c090e0D,0x7fe8d52767341C95cA622070b075af1ABE11B4be,2092896919984554818813,1650681114
