block_number,from,to,value,timestamps
18735995,0x0000000000000000000000000000000000000000,0x0000000000000000000000000000000000000000,1000,1630753341
18735995,0x0000000000000000000000000000000000000000,0x1E79B9b6A02021115aF78849cB82FB8C3F275eC0,2013808210012326,1630753341
