block_number,from,to,value,timestamps
18088998,0x0000000000000000000000000000000000000000,0x0000000000000000000000000000000000000000,1000,1629217547
18088998,0x0000000000000000000000000000000000000000,0xDA873Ff72bd4eA9c122C51a837DA3f88307D1DB5,3162277659168,1629217547
