block_number,from,to,value,timestamps
21514947,0x0000000000000000000000000000000000000000,0x0000000000000000000000000000000000000000,1000,1637236946
21514947,0x0000000000000000000000000000000000000000,0x77e90e928f6F8106A35900544bb6360B3E1EcA7A,4882479666174132262699,1637236946
